[
  [
    [
      0.99309,
      0.00641,
      0.00032,
      0.00011,
      5e-05,
      1e-05,
      1e-05,
      0.0
    ],
    [
      0.00056,
      0.99193,
      0.00704,
      0.00033,
      3e-05,
      9e-05,
      2e-05,
      0.0
    ],
    [
      4e-05,
      0.00189,
      0.99233,
      0.00529,
      0.00028,
      0.00012,
      3e-05,
      2e-05
    ],
    [
      3e-05,
      0.00015,
      0.00372,
      0.99042,
      0.00461,
      0.00061,
      0.00022,
      0.00024
    ],
    [
      3e-05,
      6e-05,
      0.0012,
      0.00523,
      0.98346,
      0.00811,
      0.00105,
      0.00088
    ],
    [
      1e-05,
      3e-05,
      0.00048,
      0.00111,
      0.00535,
      0.9821,
      0.00599,
      0.00494
    ],
    [
      0.0,
      2e-05,
      0.00027,
      0.00053,
      0.00145,
      0.01283,
      0.94777,
      0.03714
    ],
    [
      0.0,
      0.0,
      0.0,
      0.0,
      0.0,
      0.0,
      0.0,
      1.0
    ]
  ],
  [
    [
      0.98623,
      0.01273,
      0.00067,
      0.00022,
      0.0001,
      3e-05,
      2e-05,
      0.0
    ],
    [
      0.00111,
      0.98395,
      0.01397,
      0.0007,
      7e-05,
      0.00017,
      3e-05,
      0.0
    ],
    [
      8e-05,
      0.00376,
      0.98475,
      0.01049,
      0.00057,
      0.00023,
      6e-05,
      5e-05
    ],
    [
      7e-05,
      0.00031,
      0.00737,
      0.98098,
      0.0091,
      0.00124,
      0.00044,
      0.00049
    ],
    [
      5e-05,
      0.00011,
      0.00239,
      0.01033,
      0.96725,
      0.01596,
      0.00207,
      0.00183
    ],
    [
      2e-05,
      6e-05,
      0.00095,
      0.00222,
      0.01053,
      0.96464,
      0.01156,
      0.01002
    ],
    [
      0.0,
      3e-05,
      0.00054,
      0.00105,
      0.00288,
      0.02476,
      0.89835,
      0.0724
    ],
    [
      0.0,
      0.0,
      0.0,
      0.0,
      0.0,
      0.0,
      0.0,
      1.0
    ]
  ],
  [
    [
      0.97942,
      0.01895,
      0.00107,
      0.00034,
      0.00015,
      4e-05,
      3e-05,
      0.0
    ],
    [
      0.00165,
      0.97604,
      0.0208,
      0.00109,
      0.0001,
      0.00026,
      5e-05,
      1e-05
    ],
    [
      0.00012,
      0.00559,
      0.97727,
      0.0156,
      0.00089,
      0.00036,
      0.0001,
      8e-05
    ],
    [
      0.0001,
      0.00047,
      0.01098,
      0.97167,
      0.01348,
      0.00189,
      0.00066,
      0.00075
    ],
    [
      8e-05,
      0.00017,
      0.00357,
      0.01532,
      0.95139,
      0.02356,
      0.00308,
      0.00283
    ],
    [
      2e-05,
      9e-05,
      0.00143,
      0.00334,
      0.01554,
      0.94761,
      0.01674,
      0.01523
    ],
    [
      0.0,
      5e-05,
      0.0008,
      0.00156,
      0.00427,
      0.03587,
      0.85158,
      0.10588
    ],
    [
      0.0,
      0.0,
      0.0,
      0.0,
      0.0,
      0.0,
      0.0,
      1.0
    ]
  ],
  [
    [
      0.97266,
      0.02508,
      0.00151,
      0.00045,
      0.0002,
      5e-05,
      4e-05,
      0.0
    ],
    [
      0.00219,
      0.96822,
      0.02751,
      0.00151,
      0.00014,
      0.00034,
      7e-05,
      1e-05
    ],
    [
      0.00016,
      0.0074,
      0.96987,
      0.02063,
      0.00122,
      0.00048,
      0.00013,
      0.00012
    ],
    [
      0.00014,
      0.00063,
      0.01452,
      0.9625,
      0.01774,
      0.00257,
      0.00086,
      0.00103
    ],
    [
      0.0001,
      0.00024,
      0.00475,
      0.02019,
      0.93585,
      0.03091,
      0.00406,
      0.00391
    ],
    [
      3e-05,
      0.00012,
      0.0019,
      0.00446,
      0.02039,
      0.93099,
      0.02155,
      0.02055
    ],
    [
      0.0,
      7e-05,
      0.00105,
      0.00206,
      0.00563,
      0.04618,
      0.80732,
      0.13769
    ],
    [
      0.0,
      0.0,
      0.0,
      0.0,
      0.0,
      0.0,
      0.0,
      1.0
    ]
  ],
  [
    [
      0.96595,
      0.03112,
      0.00198,
      0.00057,
      0.00025,
      7e-05,
      5e-05,
      0.0
    ],
    [
      0.00272,
      0.96047,
      0.03412,
      0.00197,
      0.00019,
      0.00043,
      9e-05,
      2e-05
    ],
    [
      0.0002,
      0.00918,
      0.96257,
      0.02557,
      0.00156,
      0.00061,
      0.00016,
      0.00015
    ],
    [
      0.00017,
      0.0008,
      0.01802,
      0.95345,
      0.0219,
      0.00327,
      0.00107,
      0.00132
    ],
    [
      0.00013,
      0.0003,
      0.00593,
      0.02495,
      0.92063,
      0.03801,
      0.00501,
      0.00504
    ],
    [
      4e-05,
      0.00015,
      0.00238,
      0.00558,
      0.02509,
      0.91477,
      0.02602,
      0.02597
    ],
    [
      0.0,
      8e-05,
      0.0013,
      0.00255,
      0.00697,
      0.05576,
      0.76544,
      0.1679
    ],
    [
      0.0,
      0.0,
      0.0,
      0.0,
      0.0,
      0.0,
      0.0,
      1.0
    ]
  ],
  [
    [
      0.9593,
      0.03706,
      0.00249,
      0.0007,
      0.0003,
      9e-05,
      5e-05,
      1e-05
    ],
    [
      0.00324,
      0.9528,
      0.04063,
      0.00245,
      0.00024,
      0.00051,
      0.0001,
      3e-05
    ],
    [
      0.00024,
      0.01093,
      0.95535,
      0.03043,
      0.00193,
      0.00074,
      0.00019,
      0.00019
    ],
    [
      0.0002,
      0.00097,
      0.02146,
      0.94453,
      0.02596,
      0.00398,
      0.00127,
      0.00162
    ],
    [
      0.00015,
      0.00037,
      0.0071,
      0.0296,
      0.90573,
      0.04488,
      0.00595,
      0.00623
    ],
    [
      5e-05,
      0.00019,
      0.00285,
      0.0067,
      0.02963,
      0.89894,
      0.03017,
      0.03148
    ],
    [
      0.0,
      0.0001,
      0.00154,
      0.00304,
      0.00828,
      0.06464,
      0.7258,
      0.19661
    ],
    [
      0.0,
      0.0,
      0.0,
      0.0,
      0.0,
      0.0,
      0.0,
      1.0
    ]
  ],
  [
    [
      0.95269,
      0.04292,
      0.00304,
      0.00082,
      0.00035,
      0.0001,
      6e-05,
      1e-05
    ],
    [
      0.00375,
      0.94521,
      0.04704,
      0.00296,
      0.00029,
      0.00059,
      0.00012,
      3e-05
    ],
    [
      0.00028,
      0.01266,
      0.94821,
      0.0352,
      0.0023,
      0.00088,
      0.00023,
      0.00024
    ],
    [
      0.00024,
      0.00115,
      0.02484,
      0.93574,
      0.02991,
      0.00471,
      0.00147,
      0.00194
    ],
    [
      0.00018,
      0.00043,
      0.00826,
      0.03414,
      0.89113,
      0.05152,
      0.00686,
      0.00747
    ],
    [
      6e-05,
      0.00022,
      0.00333,
      0.00782,
      0.03402,
      0.88348,
      0.03401,
      0.03707
    ],
    [
      0.0,
      0.00011,
      0.00178,
      0.00352,
      0.00955,
      0.07286,
      0.68829,
      0.22389
    ],
    [
      0.0,
      0.0,
      0.0,
      0.0,
      0.0,
      0.0,
      0.0,
      1.0
    ]
  ],
  [
    [
      0.94613,
      0.04869,
      0.00363,
      0.00095,
      0.0004,
      0.00012,
      7e-05,
      1e-05
    ],
    [
      0.00425,
      0.9377,
      0.05335,
      0.0035,
      0.00034,
      0.00067,
      0.00014,
      5e-05
    ],
    [
      0.00032,
      0.01436,
      0.94116,
      0.0399,
      0.0027,
      0.00101,
      0.00026,
      0.00028
    ],
    [
      0.00027,
      0.00133,
      0.02817,
      0.92707,
      0.03376,
      0.00546,
      0.00166,
      0.00227
    ],
    [
      0.0002,
      0.0005,
      0.00942,
      0.03857,
      0.87683,
      0.05794,
      0.00775,
      0.00878
    ],
    [
      7e-05,
      0.00026,
      0.0038,
      0.00894,
      0.03827,
      0.86838,
      0.03756,
      0.04273
    ],
    [
      0.0,
      0.00013,
      0.00201,
      0.00399,
      0.0108,
      0.08046,
      0.65279,
      0.24982
    ],
    [
      0.0,
      0.0,
      0.0,
      0.0,
      0.0,
      0.0,
      0.0,
      1.0
    ]
  ],
  [
    [
      0.93962,
      0.05437,
      0.00425,
      0.00108,
      0.00045,
      0.00014,
      8e-05,
      2e-05
    ],
    [
      0.00475,
      0.93026,
      0.05956,
      0.00406,
      0.0004,
      0.00076,
      0.00015,
      6e-05
    ],
    [
      0.00037,
      0.01603,
      0.9342,
      0.04452,
      0.0031,
      0.00116,
      0.0003,
      0.00033
    ],
    [
      0.0003,
      0.00152,
      0.03146,
      0.91853,
      0.03751,
      0.00622,
      0.00185,
      0.00261
    ],
    [
      0.00023,
      0.00057,
      0.01058,
      0.0429,
      0.86282,
      0.06414,
      0.00862,
      0.01013
    ],
    [
      7e-05,
      0.00029,
      0.00428,
      0.01005,
      0.04238,
      0.85364,
      0.04083,
      0.04845
    ],
    [
      1e-05,
      0.00015,
      0.00224,
      0.00445,
      0.01202,
      0.08748,
      0.61919,
      0.27447
    ],
    [
      0.0,
      0.0,
      0.0,
      0.0,
      0.0,
      0.0,
      0.0,
      1.0
    ]
  ],
  [
    [
      0.93315,
      0.05997,
      0.0049,
      0.00122,
      0.0005,
      0.00016,
      9e-05,
      2e-05
    ],
    [
      0.00524,
      0.9229,
      0.06567,
      0.00465,
      0.00046,
      0.00084,
      0.00017,
      7e-05
    ],
    [
      0.00041,
      0.01768,
      0.92732,
      0.04905,
      0.00352,
      0.0013,
      0.00033,
      0.00038
    ],
    [
      0.00034,
      0.00171,
      0.03469,
      0.9101,
      0.04117,
      0.007,
      0.00204,
      0.00296
    ],
    [
      0.00025,
      0.00065,
      0.01172,
      0.04713,
      0.8491,
      0.07013,
      0.00947,
      0.01154
    ],
    [
      8e-05,
      0.00033,
      0.00475,
      0.01117,
      0.04635,
      0.83923,
      0.04386,
      0.05422
    ],
    [
      1e-05,
      0.00017,
      0.00246,
      0.00491,
      0.01321,
      0.09396,
      0.58738,
      0.29791
    ],
    [
      0.0,
      0.0,
      0.0,
      0.0,
      0.0,
      0.0,
      0.0,
      1.0
    ]
  ],
  [
    [
      0.92674,
      0.06547,
      0.00558,
      0.00136,
      0.00055,
      0.00018,
      9e-05,
      3e-05
    ],
    [
      0.00572,
      0.91561,
      0.07168,
      0.00526,
      0.00053,
      0.00092,
      0.00018,
      8e-05
    ],
    [
      0.00046,
      0.0193,
      0.92052,
      0.05351,
      0.00395,
      0.00145,
      0.00036,
      0.00044
    ],
    [
      0.00037,
      0.0019,
      0.03787,
      0.90179,
      0.04473,
      0.0078,
      0.00222,
      0.00332
    ],
    [
      0.00028,
      0.00072,
      0.01286,
      0.05127,
      0.83567,
      0.07591,
      0.0103,
      0.01299
    ],
    [
      9e-05,
      0.00036,
      0.00523,
      0.01229,
      0.05019,
      0.82516,
      0.04664,
      0.06004
    ],
    [
      1e-05,
      0.00018,
      0.00268,
      0.00536,
      0.01437,
      0.09992,
      0.55728,
      0.3202
    ],
    [
      0.0,
      0.0,
      0.0,
      0.0,
      0.0,
      0.0,
      0.0,
      1.0
    ]
  ],
  [
    [
      0.92037,
      0.0709,
      0.0063,
      0.0015,
      0.0006,
      0.0002,
      0.0001,
      3e-05
    ],
    [
      0.0062,
      0.9084,
      0.0776,
      0.0059,
      0.0006,
      0.001,
      0.0002,
      0.0001
    ],
    [
      0.0005,
      0.0209,
      0.9138,
      0.0579,
      0.0044,
      0.0016,
      0.0004,
      0.0005
    ],
    [
      0.0004,
      0.0021,
      0.041,
      0.8936,
      0.0482,
      0.0086,
      0.0024,
      0.0037
    ],
    [
      0.0003,
      0.0008,
      0.014,
      0.0553,
      0.8225,
      0.0815,
      0.0111,
      0.0145
    ],
    [
      0.0001,
      0.0004,
      0.0057,
      0.0134,
      0.0539,
      0.8114,
      0.0492,
      0.0659
    ],
    [
      1e-05,
      0.0002,
      0.0029,
      0.0058,
      0.0155,
      0.1054,
      0.52879,
      0.3414
    ],
    [
      0.0,
      0.0,
      0.0,
      0.0,
      0.0,
      0.0,
      0.0,
      1.0
    ]
  ],
  [
    [
      0.91405,
      0.07624,
      0.00705,
      0.00165,
      0.00065,
      0.00022,
      0.00011,
      4e-05
    ],
    [
      0.00667,
      0.90126,
      0.08343,
      0.00656,
      0.00067,
      0.00108,
      0.00022,
      0.00012
    ],
    [
      0.00055,
      0.02247,
      0.90716,
      0.06221,
      0.00486,
      0.00175,
      0.00044,
      0.00056
    ],
    [
      0.00043,
      0.0023,
      0.04408,
      0.88552,
      0.05158,
      0.00942,
      0.00258,
      0.00409
    ],
    [
      0.00032,
      0.00088,
      0.01513,
      0.05924,
      0.8096,
      0.08689,
      0.01188,
      0.01605
    ],
    [
      0.00011,
      0.00044,
      0.00617,
      0.01451,
      0.05748,
      0.79795,
      0.05155,
      0.07179
    ],
    [
      1e-05,
      0.00022,
      0.00311,
      0.00624,
      0.0166,
      0.11043,
      0.50182,
      0.36157
    ],
    [
      0.0,
      0.0,
      0.0,
      0.0,
      0.0,
      0.0,
      0.0,
      1.0
    ]
  ],
  [
    [
      0.90777,
      0.0815,
      0.00783,
      0.0018,
      0.0007,
      0.00024,
      0.00011,
      4e-05
    ],
    [
      0.00713,
      0.89419,
      0.08916,
      0.00724,
      0.00075,
      0.00116,
      0.00023,
      0.00014
    ],
    [
      0.00059,
      0.02402,
      0.9006,
      0.06645,
      0.00533,
      0.00191,
      0.00047,
      0.00063
    ],
    [
      0.00046,
      0.0025,
      0.04712,
      0.87756,
      0.05487,
      0.01024,
      0.00275,
      0.00449
    ],
    [
      0.00035,
      0.00096,
      0.01625,
      0.06309,
      0.79697,
      0.0921,
      0.01264,
      0.01765
    ],
    [
      0.00012,
      0.00048,
      0.00664,
      0.01562,
      0.06094,
      0.78481,
      0.05369,
      0.0777
    ],
    [
      1e-05,
      0.00023,
      0.00332,
      0.00667,
      0.01768,
      0.11502,
      0.47629,
      0.38077
    ],
    [
      0.0,
      0.0,
      0.0,
      0.0,
      0.0,
      0.0,
      0.0,
      1.0
    ]
  ],
  [
    [
      0.90155,
      0.08668,
      0.00864,
      0.00195,
      0.00075,
      0.00027,
      0.00012,
      5e-05
    ],
    [
      0.00758,
      0.88719,
      0.0948,
      0.00795,
      0.00083,
      0.00124,
      0.00025,
      0.00016
    ],
    [
      0.00064,
      0.02555,
      0.89412,
      0.07061,
      0.0058,
      0.00207,
      0.00051,
      0.0007
    ],
    [
      0.0005,
      0.00271,
      0.05011,
      0.8697,
      0.05808,
      0.01108,
      0.00293,
      0.0049
    ],
    [
      0.00037,
      0.00104,
      0.01737,
      0.06684,
      0.78459,
      0.09712,
      0.01338,
      0.01929
    ],
    [
      0.00013,
      0.00052,
      0.00712,
      0.01672,
      0.06429,
      0.77195,
      0.05566,
      0.08363
    ],
    [
      2e-05,
      0.00025,
      0.00353,
      0.00709,
      0.01872,
      0.11922,
      0.45212,
      0.39904
    ],
    [
      0.0,
      0.0,
      0.0,
      0.0,
      0.0,
      0.0,
      0.0,
      1.0
    ]
  ],
  [
    [
      0.89536,
      0.09178,
      0.00947,
      0.00211,
      0.0008,
      0.00029,
      0.00013,
      6e-05
    ],
    [
      0.00803,
      0.88026,
      0.10035,
      0.00868,
      0.00091,
      0.00132,
      0.00026,
      0.00018
    ],
    [
      0.00068,
      0.02705,
      0.88771,
      0.07471,
      0.00629,
      0.00224,
      0.00054,
      0.00077
    ],
    [
      0.00053,
      0.00292,
      0.05305,
      0.86195,
      0.0612,
      0.01192,
      0.0031,
      0.00532
    ],
    [
      0.00039,
      0.00112,
      0.01848,
      0.07051,
      0.77246,
      0.10196,
      0.0141,
      0.02097
    ],
    [
      0.00013,
      0.00056,
      0.00759,
      0.01782,
      0.06751,
      0.75938,
      0.05744,
      0.08957
    ],
    [
      2e-05,
      0.00027,
      0.00373,
      0.00751,
      0.01974,
      0.12304,
      0.42924,
      0.41644
    ],
    [
      0.0,
      0.0,
      0.0,
      0.0,
      0.0,
      0.0,
      0.0,
      1.0
    ]
  ],
  [
    [
      0.88923,
      0.0968,
      0.01034,
      0.00227,
      0.00085,
      0.00031,
      0.00014,
      7e-05
    ],
    [
      0.00847,
      0.8734,
      0.10582,
      0.00942,
      0.001,
      0.0014,
      0.00028,
      0.0002
    ],
    [
      0.00073,
      0.02853,
      0.88138,
      0.07873,
      0.00679,
      0.00241,
      0.00058,
      0.00085
    ],
    [
      0.00056,
      0.00314,
      0.05595,
      0.85431,
      0.06425,
      0.01278,
      0.00326,
      0.00576
    ],
    [
      0.00041,
      0.00121,
      0.01959,
      0.07409,
      0.76057,
      0.10663,
      0.0148,
      0.0227
    ],
    [
      0.00014,
      0.0006,
      0.00806,
      0.01892,
      0.07062,
      0.74709,
      0.05906,
      0.09552
    ],
    [
      2e-05,
      0.00029,
      0.00393,
      0.00793,
      0.02073,
      0.12651,
      0.40758,
      0.43301
    ],
    [
      0.0,
      0.0,
      0.0,
      0.0,
      0.0,
      0.0,
      0.0,
      1.0
    ]
  ],
  [
    [
      0.88314,
      0.10174,
      0.01123,
      0.00244,
      0.0009,
      0.00034,
      0.00014,
      7e-05
    ],
    [
      0.00891,
      0.86661,
      0.1112,
      0.01019,
      0.00109,
      0.00148,
      0.00029,
      0.00022
    ],
    [
      0.00078,
      0.02998,
      0.87512,
      0.08269,
      0.0073,
      0.00258,
      0.00062,
      0.00093
    ],
    [
      0.00059,
      0.00335,
      0.0588,
      0.84678,
      0.06721,
      0.01364,
      0.00343,
      0.0062
    ],
    [
      0.00044,
      0.0013,
      0.02068,
      0.07758,
      0.74893,
      0.11113,
      0.01548,
      0.02446
    ],
    [
      0.00015,
      0.00064,
      0.00852,
      0.02001,
      0.07363,
      0.73506,
      0.06053,
      0.10147
    ],
    [
      2e-05,
      0.00031,
      0.00413,
      0.00834,
      0.02169,
      0.12965,
      0.38708,
      0.44879
    ],
    [
      0.0,
      0.0,
      0.0,
      0.0,
      0.0,
      0.0,
      0.0,
      1.0
    ]
  ],
  [
    [
      0.87709,
      0.1066,
      0.01215,
      0.00261,
      0.00095,
      0.00036,
      0.00015,
      8e-05
    ],
    [
      0.00934,
      0.85989,
      0.11649,
      0.01098,
      0.00119,
      0.00156,
      0.00031,
      0.00025
    ],
    [
      0.00083,
      0.03141,
      0.86894,
      0.08658,
      0.00782,
      0.00276,
      0.00066,
      0.00101
    ],
    [
      0.00062,
      0.00357,
      0.06161,
      0.83935,
      0.07009,
      0.0145,
      0.0036,
      0.00666
    ],
    [
      0.00046,
      0.00139,
      0.02178,
      0.081,
      0.73752,
      0.11546,
      0.01614,
      0.02626
    ],
    [
      0.00016,
      0.00068,
      0.00899,
      0.0211,
      0.07652,
      0.72329,
      0.06185,
      0.10742
    ],
    [
      2e-05,
      0.00032,
      0.00432,
      0.00874,
      0.02263,
      0.13247,
      0.36766,
      0.46383
    ],
    [
      0.0,
      0.0,
      0.0,
      0.0,
      0.0,
      0.0,
      0.0,
      1.0
    ]
  ],
  [
    [
      0.87109,
      0.11139,
      0.0131,
      0.00279,
      0.001,
      0.00039,
      0.00016,
      9e-05
    ],
    [
      0.00976,
      0.85323,
      0.12169,
      0.01178,
      0.00129,
      0.00164,
      0.00033,
      0.00027
    ],
    [
      0.00087,
      0.03282,
      0.86283,
      0.0904,
      0.00835,
      0.00293,
      0.00069,
      0.0011
    ],
    [
      0.00065,
      0.0038,
      0.06437,
      0.83202,
      0.0729,
      0.01538,
      0.00376,
      0.00713
    ],
    [
      0.00048,
      0.00148,
      0.02286,
      0.08433,
      0.72634,
      0.11964,
      0.01678,
      0.0281
    ],
    [
      0.00017,
      0.00072,
      0.00946,
      0.02218,
      0.07931,
      0.71177,
      0.06303,
      0.11337
    ],
    [
      3e-05,
      0.00034,
      0.00451,
      0.00914,
      0.02354,
      0.13501,
      0.34928,
      0.47816
    ],
    [
      0.0,
      0.0,
      0.0,
      0.0,
      0.0,
      0.0,
      0.0,
      1.0
    ]
  ],
  [
    [
      0.86513,
      0.1161,
      0.01407,
      0.00297,
      0.00105,
      0.00042,
      0.00016,
      0.0001
    ],
    [
      0.01017,
      0.84664,
      0.12682,
      0.01261,
      0.00139,
      0.00172,
      0.00034,
      0.0003
    ],
    [
      0.00092,
      0.03421,
      0.85679,
      0.09415,
      0.00888,
      0.00312,
      0.00073,
      0.00119
    ],
    [
      0.00068,
      0.00402,
      0.06709,
      0.8248,
      0.07563,
      0.01625,
      0.00392,
      0.00761
    ],
    [
      0.0005,
      0.00157,
      0.02394,
      0.08758,
      0.71538,
      0.12366,
      0.0174,
      0.02998
    ],
    [
      0.00018,
      0.00076,
      0.00992,
      0.02325,
      0.08201,
      0.70049,
      0.06409,
      0.1193
    ],
    [
      3e-05,
      0.00036,
      0.0047,
      0.00954,
      0.02442,
      0.13727,
      0.33187,
      0.49182
    ],
    [
      0.0,
      0.0,
      0.0,
      0.0,
      0.0,
      0.0,
      0.0,
      1.0
    ]
  ],
  [
    [
      0.85922,
      0.12074,
      0.01507,
      0.00316,
      0.0011,
      0.00044,
      0.00017,
      0.00011
    ],
    [
      0.01058,
      0.84012,
      0.13186,
      0.01345,
      0.0015,
      0.0018,
      0.00036,
      0.00033
    ],
    [
      0.00097,
      0.03558,
      0.85083,
      0.09785,
      0.00943,
      0.0033,
      0.00077,
      0.00128
    ],
    [
      0.00071,
      0.00425,
      0.06977,
      0.81767,
      0.07829,
      0.01714,
      0.00408,
      0.0081
    ],
    [
      0.00052,
      0.00166,
      0.02501,
      0.09075,
      0.70464,
      0.12753,
      0.018,
      0.03189
    ],
    [
      0.00018,
      0.00081,
      0.01039,
      0.02432,
      0.0846,
      0.68946,
      0.06502,
      0.12522
    ],
    [
      3e-05,
      0.00038,
      0.00489,
      0.00992,
      0.02528,
      0.13927,
      0.31538,
      0.50484
    ],
    [
      0.0,
      0.0,
      0.0,
      0.0,
      0.0,
      0.0,
      0.0,
      1.0
    ]
  ],
  [
    [
      0.85335,
      0.1253,
      0.01609,
      0.00335,
      0.00115,
      0.00047,
      0.00018,
      0.00012
    ],
    [
      0.01098,
      0.83366,
      0.13682,
      0.01431,
      0.00161,
      0.00189,
      0.00037,
      0.00036
    ],
    [
      0.00102,
      0.03692,
      0.84493,
      0.10147,
      0.00998,
      0.00349,
      0.00081,
      0.00138
    ],
    [
      0.00074,
      0.00448,
      0.0724,
      0.81064,
      0.08088,
      0.01802,
      0.00423,
      0.0086
    ],
    [
      0.00054,
      0.00175,
      0.02608,
      0.09385,
      0.69411,
      0.13125,
      0.01858,
      0.03383
    ],
    [
      0.00019,
      0.00085,
      0.01085,
      0.02539,
      0.0871,
      0.67865,
      0.06585,
      0.13112
    ],
    [
      3e-05,
      0.0004,
      0.00507,
      0.01031,
      0.02611,
      0.14103,
      0.29977,
      0.51727
    ],
    [
      0.0,
      0.0,
      0.0,
      0.0,
      0.0,
      0.0,
      0.0,
      1.0
    ]
  ],
  [
    [
      0.84752,
      0.12979,
      0.01713,
      0.00354,
      0.0012,
      0.0005,
      0.00018,
      0.00013
    ],
    [
      0.01138,
      0.82727,
      0.1417,
      0.01518,
      0.00173,
      0.00197,
      0.00039,
      0.00039
    ],
    [
      0.00107,
      0.03825,
      0.8391,
      0.10504,
      0.01054,
      0.00368,
      0.00085,
      0.00148
    ],
    [
      0.00077,
      0.00471,
      0.075,
      0.8037,
      0.0834,
      0.01891,
      0.00439,
      0.00911
    ],
    [
      0.00057,
      0.00185,
      0.02714,
      0.09687,
      0.6838,
      0.13483,
      0.01915,
      0.0358
    ],
    [
      0.0002,
      0.0009,
      0.01131,
      0.02645,
      0.0895,
      0.66807,
      0.06657,
      0.137
    ],
    [
      3e-05,
      0.00042,
      0.00525,
      0.01069,
      0.02692,
      0.14257,
      0.28499,
      0.52912
    ],
    [
      0.0,
      0.0,
      0.0,
      0.0,
      0.0,
      0.0,
      0.0,
      1.0
    ]
  ],
  [
    [
      0.84174,
      0.13421,
      0.01819,
      0.00374,
      0.00125,
      0.00053,
      0.00019,
      0.00015
    ],
    [
      0.01177,
      0.82093,
      0.1465,
      0.01607,
      0.00184,
      0.00205,
      0.0004,
      0.00043
    ],
    [
      0.00112,
      0.03955,
      0.83334,
      0.10854,
      0.0111,
      0.00387,
      0.00089,
      0.00158
    ],
    [
      0.0008,
      0.00495,
      0.07755,
      0.79686,
      0.08585,
      0.0198,
      0.00454,
      0.00964
    ],
    [
      0.00059,
      0.00195,
      0.02819,
      0.09982,
      0.67369,
      0.13827,
      0.01969,
      0.0378
    ],
    [
      0.00021,
      0.00094,
      0.01177,
      0.0275,
      0.09182,
      0.65771,
      0.06719,
      0.14286
    ],
    [
      4e-05,
      0.00043,
      0.00543,
      0.01106,
      0.0277,
      0.1439,
      0.27099,
      0.54044
    ],
    [
      0.0,
      0.0,
      0.0,
      0.0,
      0.0,
      0.0,
      0.0,
      1.0
    ]
  ],
  [
    [
      0.836,
      0.13856,
      0.01928,
      0.00394,
      0.0013,
      0.00056,
      0.00019,
      0.00016
    ],
    [
      0.01215,
      0.81467,
      0.15122,
      0.01698,
      0.00197,
      0.00213,
      0.00042,
      0.00046
    ],
    [
      0.00117,
      0.04083,
      0.82765,
      0.11199,
      0.01167,
      0.00407,
      0.00093,
      0.00169
    ],
    [
      0.00083,
      0.00518,
      0.08007,
      0.79012,
      0.08824,
      0.0207,
      0.00469,
      0.01017
    ],
    [
      0.00061,
      0.00204,
      0.02923,
      0.1027,
      0.66378,
      0.14158,
      0.02022,
      0.03983
    ],
    [
      0.00022,
      0.00099,
      0.01223,
      0.02854,
      0.09404,
      0.64756,
      0.06772,
      0.14869
    ],
    [
      4e-05,
      0.00045,
      0.00561,
      0.01143,
      0.02846,
      0.14503,
      0.25773,
      0.55124
    ],
    [
      0.0,
      0.0,
      0.0,
      0.0,
      0.0,
      0.0,
      0.0,
      1.0
    ]
  ],
  [
    [
      0.8303,
      0.14284,
      0.02039,
      0.00415,
      0.00136,
      0.00059,
      0.0002,
      0.00017
    ],
    [
      0.01253,
      0.80846,
      0.15587,
      0.0179,
      0.00209,
      0.00221,
      0.00044,
      0.0005
    ],
    [
      0.00122,
      0.04209,
      0.82202,
      0.11537,
      0.01225,
      0.00427,
      0.00097,
      0.0018
    ],
    [
      0.00086,
      0.00542,
      0.08254,
      0.78346,
      0.09056,
      0.02159,
      0.00484,
      0.01071
    ],
    [
      0.00063,
      0.00214,
      0.03027,
      0.10551,
      0.65406,
      0.14476,
      0.02073,
      0.04189
    ],
    [
      0.00023,
      0.00103,
      0.01269,
      0.02958,
      0.09618,
      0.63762,
      0.06817,
      0.1545
    ],
    [
      4e-05,
      0.00047,
      0.00579,
      0.0118,
      0.02919,
      0.14598,
      0.24517,
      0.56155
    ],
    [
      0.0,
      0.0,
      0.0,
      0.0,
      0.0,
      0.0,
      0.0,
      1.0
    ]
  ],
  [
    [
      0.82464,
      0.14705,
      0.02152,
      0.00437,
      0.00141,
      0.00062,
      0.00021,
      0.00018
    ],
    [
      0.0129,
      0.80232,
      0.16044,
      0.01884,
      0.00222,
      0.00229,
      0.00045,
      0.00054
    ],
    [
      0.00127,
      0.04333,
      0.81646,
      0.1187,
      0.01283,
      0.00448,
      0.00101,
      0.00192
    ],
    [
      0.00089,
      0.00567,
      0.08498,
      0.77689,
      0.09281,
      0.02249,
      0.00499,
      0.01127
    ],
    [
      0.00065,
      0.00225,
      0.0313,
      0.10825,
      0.64454,
      0.14781,
      0.02123,
      0.04398
    ],
    [
      0.00023,
      0.00108,
      0.01315,
      0.03061,
      0.09824,
      0.62788,
      0.06853,
      0.16027
    ],
    [
      4e-05,
      0.00049,
      0.00596,
      0.01216,
      0.0299,
      0.14676,
      0.23327,
      0.57141
    ],
    [
      0.0,
      0.0,
      0.0,
      0.0,
      0.0,
      0.0,
      0.0,
      1.0
    ]
  ],
  [
    [
      0.81902,
      0.1512,
      0.02267,
      0.00459,
      0.00146,
      0.00065,
      0.00021,
      0.0002
    ],
    [
      0.01327,
      0.79623,
      0.16494,
      0.01979,
      0.00235,
      0.00237,
      0.00047,
      0.00058
    ],
    [
      0.00132,
      0.04456,
      0.81096,
      0.12197,
      0.01342,
      0.00468,
      0.00105,
      0.00204
    ],
    [
      0.00092,
      0.00591,
      0.08738,
      0.77042,
      0.09501,
      0.02339,
      0.00514,
      0.01183
    ],
    [
      0.00067,
      0.00235,
      0.03233,
      0.11092,
      0.63521,
      0.15073,
      0.0217,
      0.04609
    ],
    [
      0.00024,
      0.00113,
      0.0136,
      0.03163,
      0.10022,
      0.61834,
      0.06882,
      0.16601
    ],
    [
      5e-05,
      0.00051,
      0.00613,
      0.01252,
      0.03059,
      0.14737,
      0.222,
      0.58083
    ],
    [
      0.0,
      0.0,
      0.0,
      0.0,
      0.0,
      0.0,
      0.0,
      1.0
    ]
  ],
  [
    [
      0.81345,
      0.15527,
      0.02384,
      0.00481,
      0.00152,
      0.00068,
      0.00022,
      0.00021
    ],
    [
      0.01363,
      0.79021,
      0.16936,
      0.02075,
      0.00249,
      0.00246,
      0.00048,
      0.00062
    ],
    [
      0.00138,
      0.04576,
      0.80553,
      0.12518,
      0.01401,
      0.0049,
      0.00109,
      0.00216
    ],
    [
      0.00095,
      0.00616,
      0.08974,
      0.76403,
      0.09714,
      0.02428,
      0.00529,
      0.01241
    ],
    [
      0.00069,
      0.00245,
      0.03335,
      0.11353,
      0.62606,
      0.15354,
      0.02216,
      0.04823
    ],
    [
      0.00025,
      0.00117,
      0.01406,
      0.03265,
      0.10212,
      0.60899,
      0.06904,
      0.17172
    ],
    [
      5e-05,
      0.00053,
      0.0063,
      0.01287,
      0.03125,
      0.14784,
      0.21132,
      0.58983
    ],
    [
      0.0,
      0.0,
      0.0,
      0.0,
      0.0,
      0.0,
      0.0,
      1.0
    ]
  ],
  [
    [
      0.80792,
      0.15928,
      0.02503,
      0.00504,
      0.00157,
      0.00071,
      0.00023,
      0.00023
    ],
    [
      0.01399,
      0.78424,
      0.17371,
      0.02173,
      0.00263,
      0.00254,
      0.0005,
      0.00066
    ],
    [
      0.00143,
      0.04694,
      0.80016,
      0.12834,
      0.01461,
      0.00511,
      0.00113,
      0.00229
    ],
    [
      0.00098,
      0.0064,
      0.09206,
      0.75772,
      0.09922,
      0.02518,
      0.00543,
      0.013
    ],
    [
      0.00071,
      0.00256,
      0.03436,
      0.11607,
      0.61708,
      0.15623,
      0.02261,
      0.05039
    ],
    [
      0.00026,
      0.00122,
      0.01451,
      0.03366,
      0.10394,
      0.59983,
      0.06919,
      0.17739
    ],
    [
      5e-05,
      0.00055,
      0.00647,
      0.01322,
      0.03189,
      0.14817,
      0.20121,
      0.59844
    ],
    [
      0.0,
      0.0,
      0.0,
      0.0,
      0.0,
      0.0,
      0.0,
      1.0
    ]
  ],
  [
    [
      0.80242,
      0.16322,
      0.02623,
      0.00528,
      0.00163,
      0.00074,
      0.00023,
      0.00024
    ],
    [
      0.01434,
      0.77834,
      0.17799,
      0.02272,
      0.00278,
      0.00262,
      0.00052,
      0.0007
    ],
    [
      0.00148,
      0.04811,
      0.79485,
      0.13144,
      0.01521,
      0.00532,
      0.00117,
      0.00242
    ],
    [
      0.00101,
      0.00665,
      0.09435,
      0.75151,
      0.10123,
      0.02608,
      0.00558,
      0.01359
    ],
    [
      0.00073,
      0.00266,
      0.03536,
      0.11856,
      0.60829,
      0.1588,
      0.02303,
      0.05257
    ],
    [
      0.00027,
      0.00127,
      0.01496,
      0.03466,
      0.10569,
      0.59084,
      0.06929,
      0.18303
    ],
    [
      6e-05,
      0.00057,
      0.00664,
      0.01357,
      0.03251,
      0.14836,
      0.19162,
      0.60667
    ],
    [
      0.0,
      0.0,
      0.0,
      0.0,
      0.0,
      0.0,
      0.0,
      1.0
    ]
  ],
  [
    [
      0.79697,
      0.1671,
      0.02746,
      0.00552,
      0.00168,
      0.00078,
      0.00024,
      0.00026
    ],
    [
      0.01468,
      0.77249,
      0.1822,
      0.02372,
      0.00292,
      0.00271,
      0.00053,
      0.00075
    ],
    [
      0.00153,
      0.04926,
      0.7896,
      0.13448,
      0.01582,
      0.00554,
      0.00121,
      0.00255
    ],
    [
      0.00104,
      0.0069,
      0.0966,
      0.74537,
      0.1032,
      0.02697,
      0.00572,
      0.0142
    ],
    [
      0.00075,
      0.00277,
      0.03636,
      0.12098,
      0.59966,
      0.16127,
      0.02345,
      0.05478
    ],
    [
      0.00028,
      0.00132,
      0.01541,
      0.03565,
      0.10736,
      0.58204,
      0.06932,
      0.18862
    ],
    [
      6e-05,
      0.00059,
      0.0068,
      0.01391,
      0.03311,
      0.14844,
      0.18254,
      0.61455
    ],
    [
      0.0,
      0.0,
      0.0,
      0.0,
      0.0,
      0.0,
      0.0,
      1.0
    ]
  ],
  [
    [
      0.79156,
      0.17092,
      0.0287,
      0.00576,
      0.00174,
      0.00081,
      0.00025,
      0.00027
    ],
    [
      0.01502,
      0.7667,
      0.18634,
      0.02473,
      0.00308,
      0.00279,
      0.00055,
      0.00079
    ],
    [
      0.00158,
      0.05038,
      0.78442,
      0.13748,
      0.01643,
      0.00577,
      0.00126,
      0.00269
    ],
    [
      0.00107,
      0.00716,
      0.09882,
      0.73932,
      0.1051,
      0.02786,
      0.00586,
      0.01482
    ],
    [
      0.00076,
      0.00288,
      0.03735,
      0.12334,
      0.5912,
      0.16362,
      0.02384,
      0.057
    ],
    [
      0.00028,
      0.00137,
      0.01586,
      0.03664,
      0.10897,
      0.5734,
      0.06931,
      0.19417
    ],
    [
      6e-05,
      0.00061,
      0.00697,
      0.01425,
      0.03369,
      0.1484,
      0.17393,
      0.6221
    ],
    [
      0.0,
      0.0,
      0.0,
      0.0,
      0.0,
      0.0,
      0.0,
      1.0
    ]
  ],
  [
    [
      0.78618,
      0.17467,
      0.02995,
      0.00601,
      0.00179,
      0.00085,
      0.00025,
      0.00029
    ],
    [
      0.01535,
      0.76097,
      0.19041,
      0.02576,
      0.00323,
      0.00288,
      0.00056,
      0.00084
    ],
    [
      0.00164,
      0.05149,
      0.77929,
      0.14042,
      0.01704,
      0.00599,
      0.0013,
      0.00283
    ],
    [
      0.0011,
      0.00741,
      0.101,
      0.73334,
      0.10695,
      0.02875,
      0.006,
      0.01544
    ],
    [
      0.00078,
      0.00299,
      0.03834,
      0.12564,
      0.58291,
      0.16588,
      0.02423,
      0.05925
    ],
    [
      0.00029,
      0.00142,
      0.0163,
      0.03761,
      0.11051,
      0.56493,
      0.06924,
      0.19969
    ],
    [
      6e-05,
      0.00063,
      0.00713,
      0.01458,
      0.03424,
      0.14826,
      0.16577,
      0.62932
    ],
    [
      0.0,
      0.0,
      0.0,
      0.0,
      0.0,
      0.0,
      0.0,
      1.0
    ]
  ],
  [
    [
      0.78085,
      0.17836,
      0.03123,
      0.00627,
      0.00185,
      0.00088,
      0.00026,
      0.00031
    ],
    [
      0.01568,
      0.75529,
      0.19441,
      0.02679,
      0.00339,
      0.00296,
      0.00058,
      0.00089
    ],
    [
      0.00169,
      0.05259,
      0.77422,
      0.14331,
      0.01766,
      0.00622,
      0.00134,
      0.00298
    ],
    [
      0.00113,
      0.00767,
      0.10315,
      0.72745,
      0.10875,
      0.02964,
      0.00614,
      0.01608
    ],
    [
      0.0008,
      0.0031,
      0.03931,
      0.12788,
      0.57478,
      0.16803,
      0.02459,
      0.06151
    ],
    [
      0.0003,
      0.00147,
      0.01675,
      0.03858,
      0.11198,
      0.55663,
      0.06913,
      0.20516
    ],
    [
      7e-05,
      0.00065,
      0.00729,
      0.01491,
      0.03478,
      0.14802,
      0.15804,
      0.63625
    ],
    [
      0.0,
      0.0,
      0.0,
      0.0,
      0.0,
      0.0,
      0.0,
      1.0
    ]
  ],
  [
    [
      0.77555,
      0.18199,
      0.03252,
      0.00653,
      0.00191,
      0.00091,
      0.00027,
      0.00033
    ],
    [
      0.016,
      0.74967,
      0.19835,
      0.02784,
      0.00355,
      0.00305,
      0.0006,
      0.00094
    ],
    [
      0.00174,
      0.05366,
      0.76921,
      0.14615,
      0.01828,
      0.00645,
      0.00138,
      0.00312
    ],
    [
      0.00116,
      0.00792,
      0.10526,
      0.72164,
      0.1105,
      0.03053,
      0.00627,
      0.01672
    ],
    [
      0.00082,
      0.00321,
      0.04028,
      0.13007,
      0.5668,
      0.17008,
      0.02495,
      0.06379
    ],
    [
      0.00031,
      0.00152,
      0.01719,
      0.03954,
      0.11339,
      0.54849,
      0.06898,
      0.21058
    ],
    [
      7e-05,
      0.00067,
      0.00745,
      0.01524,
      0.0353,
      0.14769,
      0.15071,
      0.64288
    ],
    [
      0.0,
      0.0,
      0.0,
      0.0,
      0.0,
      0.0,
      0.0,
      1.0
    ]
  ],
  [
    [
      0.7703,
      0.18556,
      0.03382,
      0.00679,
      0.00197,
      0.00095,
      0.00027,
      0.00034
    ],
    [
      0.01632,
      0.7441,
      0.20222,
      0.02889,
      0.00372,
      0.00314,
      0.00061,
      0.001
    ],
    [
      0.00179,
      0.05472,
      0.76426,
      0.14894,
      0.0189,
      0.00668,
      0.00143,
      0.00328
    ],
    [
      0.00119,
      0.00818,
      0.10734,
      0.7159,
      0.1122,
      0.03141,
      0.00641,
      0.01738
    ],
    [
      0.00084,
      0.00332,
      0.04125,
      0.1322,
      0.55898,
      0.17204,
      0.02529,
      0.06609
    ],
    [
      0.00032,
      0.00157,
      0.01763,
      0.04049,
      0.11473,
      0.5405,
      0.06879,
      0.21596
    ],
    [
      7e-05,
      0.00069,
      0.0076,
      0.01556,
      0.03579,
      0.14727,
      0.14377,
      0.64924
    ],
    [
      0.0,
      0.0,
      0.0,
      0.0,
      0.0,
      0.0,
      0.0,
      1.0
    ]
  ],
  [
    [
      0.76508,
      0.18906,
      0.03514,
      0.00706,
      0.00202,
      0.00099,
      0.00028,
      0.00036
    ],
    [
      0.01663,
      0.73859,
      0.20603,
      0.02996,
      0.00389,
      0.00322,
      0.00063,
      0.00105
    ],
    [
      0.00185,
      0.05576,
      0.75937,
      0.15168,
      0.01952,
      0.00692,
      0.00147,
      0.00343
    ],
    [
      0.00121,
      0.00844,
      0.10938,
      0.71024,
      0.11385,
      0.03229,
      0.00654,
      0.01804
    ],
    [
      0.00086,
      0.00343,
      0.0422,
      0.13428,
      0.55131,
      0.17391,
      0.02561,
      0.0684
    ],
    [
      0.00033,
      0.00163,
      0.01807,
      0.04143,
      0.11602,
      0.53267,
      0.06856,
      0.2213
    ],
    [
      8e-05,
      0.00071,
      0.00776,
      0.01588,
      0.03627,
      0.14678,
      0.13718,
      0.65534
    ],
    [
      0.0,
      0.0,
      0.0,
      0.0,
      0.0,
      0.0,
      0.0,
      1.0
    ]
  ],
  [
    [
      0.7599,
      0.19251,
      0.03647,
      0.00734,
      0.00208,
      0.00102,
      0.00029,
      0.00038
    ],
    [
      0.01694,
      0.73313,
      0.20977,
      0.03103,
      0.00406,
      0.00331,
      0.00065,
      0.00111
    ],
    [
      0.0019,
      0.05678,
      0.75453,
