[
    [
        [
            0.92039,
            0.0709,
            0.0063,
            0.0015,
            0.0006,
            0.0002,
            0.0001,
            1e-05
        ],
        [
            0.0062,
            0.9084,
            0.0776,
            0.0059,
            0.0006,
            0.001,
            0.0002,
            0.0001
        ],
        [
            0.0005,
            0.0209,
            0.9138,
            0.0579,
            0.0044,
            0.0016,
            0.0004,
            0.0005
        ],
        [
            0.0004,
            0.0021,
            0.041,
            0.8936,
            0.0482,
            0.0086,
            0.0024,
            0.0037
        ],
        [
            0.0003,
            0.0008,
            0.014,
            0.0553,
            0.8225,
            0.0815,
            0.0111,
            0.0145
        ],
        [
            0.0001,
            0.0004,
            0.0057,
            0.0134,
            0.0539,
            0.8114,
            0.0492,
            0.0659
        ],
        [
            1e-05,
            0.0002,
            0.0029,
            0.0058,
            0.0155,
            0.1054,
            0.52879,
            0.3414
        ],
        [
            0.0,
            0.0,
            0.0,
            0.0,
            0.0,
            0.0,
            0.0,
            1.0
        ]
    ],
    [
        [
            0.8475612831,
            0.129796611,
            0.017128566999999997,
            0.0035405050000000006,
            0.0012006239999999997,
            0.0004996779999999999,
            0.000181718,
            9.10139e-05
        ],
        [
            0.01137994,
            0.8272652899999999,
            0.14169835999999997,
            0.01518188,
            0.00172508,
            0.0019659200000000003,
            0.000389118,
            0.000394412
        ],
        [
            0.0010713189999999998,
            0.038245259999999996,
            0.8391012099999999,
            0.1050396,
            0.01053578,
            0.00368002,
            0.0008477859999999999,
            0.0014790250000000001
        ],
        [
            0.00077446,
            0.00471194,
            0.07499966000000001,
            0.80370247,
            0.08339865999999999,
            0.01891204,
            0.004388736,
            0.009112034
        ],
        [
            0.0005652079999999999,
            0.0018495400000000002,
            0.02713621,
            0.09687258,
            0.68379887,
            0.13483163,
            0.019147629,
            0.035798333
        ],
        [
            0.000200531,
            0.00089524,
            0.01131199,
            0.02644557,
            0.08950107000000002,
            0.66807327,
            0.066570168,
            0.137002161
        ],
        [
            3.46918e-05,
            0.00041549699999999997,
            0.005254673999999999,
            0.010688476999999998,
            0.026918500999999997,
            0.14257399799999998,
            0.2849917151,
            0.5291224460999999
        ],
        [
            0.0,
            0.0,
            0.0,
            0.0,
            0.0,
            0.0,
            0.0,
            1.0
        ]
    ],
    [
        [
            0.780902060798289,
            0.17836595522899,
            0.031229282209529998,
            0.00626682538365,
            0.0018496952854599995,
            0.0008796055802200001,
            0.00026006583453000003,
            0.00024650967933100004
        ],
        [
            0.01568066771378,
            0.7552902491095999,
            0.19441038388019996,
            0.026792795269399997,
            0.0033892992550000004,
            0.0029635773672000002,
            0.00058134026722,
            0.0008916871376
        ],
        [
            0.0016882555652699995,
            0.05258581933929999,
            0.7742228263970998,
            0.1433114586923,
            0.0176557168024,
            0.006218352962199999,
            0.0013417966088399998,
            0.0029757736325899996
        ],
        [
            0.00112795477476,
            0.0076656650822,
            0.10314512342240001,
            0.7274507915447999,
            0.10875453161199998,
            0.0296415003504,
            0.006136822829439999,
            0.016077610383999998
        ],
        [
            0.0008028103764099999,
            0.003095575864,
            0.0393131821875,
            0.12788016174619998,
            0.5747788902102999,
            0.1680286372892,
            0.024592733496709998,
            0.06150800882968
        ],
        [
            0.00030067478776999996,
            0.0014715541494999998,
            0.0167459849075,
            0.038580006248900005,
            0.11198072362460001,
            0.5566319506224,
            0.06913249916282,
            0.20515660649651002
        ],
        [
            6.6591662253e-05,
            0.0006477283547399999,
            0.0072884165601299995,
            0.014910008767879998,
            0.03478115241903,
            0.1480172773962,
            0.158042045873409,
            0.636246778966358
        ],
        [
            0.0,
            0.0,
            0.0,
            0.0,
            0.0,
            0.0,
            0.0,
            1.0
        ]
    ],
    [
        [
            0.7198590835016173,
            0.21806132578372542,
            0.047586802709320836,
            0.00974750607571106,
            0.002587846768330152,
            0.0013302809897382457,
            0.0003426239157867476,
            0.000484530255770362
        ],
        [
            0.019224370572529244,
            0.6913408766636338,
            0.23752605340061184,
            0.03990864850978858,
            0.0055658472026234775,
            0.004042048865371084,
            0.0007855291268919417,
            0.0016066256585498657
        ],
        [
            0.002330253584601013,
            0.06438774701629953,
            0.7177384000161288,
            0.1742708793424786,
            0.02522455133213244,
            0.009150096412937908,
            0.0018757726718801305,
            0.005022299623541398
        ],
        [
            0.001463890174727051,
            0.010826929485968851,
            0.12639077474295626,
            0.6625159646019869,
            0.12666564274104494,
            0.0399904290977138,
            0.007699413539682853,
            0.0244469556159191
        ],
        [
            0.0010183823266200068,
            0.0044910873317141,
            0.05048873352958258,
            0.15074890812080854,
            0.4885327089465947,
            0.18694091657960618,
            0.027974783238964573,
            0.08980447992610928
        ],
        [
            0.0003996154357370885,
            0.0021151505885293365,
            0.02194136461470681,
            0.0495061899417499,
            0.12511246302895693,
            0.4684242724408811,
            0.06528546702243176,
            0.26721547692700715
        ],
        [
            0.00010173092153170675,
            0.0008953969528872044,
            0.009111105207987536,
            0.01857297775054265,
            0.039786440874831776,
            0.1397340630250721,
            0.09127840986964836,
            0.7005198753974986
        ],
        [
            0.0,
            0.0,
            0.0,
            0.0,
            0.0,
            0.0,
            0.0,
            1.0
        ]
    ],
    [
        [
            0.6639316872960662,
            0.2501426222161784,
            0.06538594523751272,
            0.013994918663764198,
            0.0034474807533346266,
            0.0018484126464865206,
            0.00043337793342480233,
            0.0008155552532326752
        ],
        [
            0.022117040167007534,
            0.6344313895159142,
            0.2725599673239227,
            0.05388938540245375,
            0.008203002100944337,
            0.005234571579753622,
            0.0010070114453082848,
            0.002557632464695382
        ],
        [
            0.0029810248127446915,
            0.07404596060987625,
            0.6684363647627799,
            0.199197302691243,
            0.03286739428848941,
            0.01238986040274712,
            0.0024405231396568295,
            0.007641569292462514
        ],
        [
            0.001784754343809792,
            0.014090691844774069,
            0.14553202948850352,
            0.6069935049372012,
            0.13895407958722253,
            0.04949398448304945,
            0.009087797031538631,
            0.03406315828390049
        ],
        [
            0.001216231233241859,
            0.005994891767345331,
            0.06065838213903352,
            0.16734366778656376,
            0.419819431133167,
            0.1958297349925101,
            0.02979598472255668,
            0.11934167622558167
        ],
        [
            0.0004967181636539936,
            0.0028127898211428607,
            0.026857346725129315,
            0.05909647531970439,
            0.13164924308383988,
            0.3976202631101135,
            0.05908557904387182,
            0.3223815847325443
        ],
        [
            0.0001379904503443323,
            0.0011559951263462374,
            0.010775545455293491,
            0.02173182274998984,
            0.04260673363679602,
            0.12641877919022787,
            0.05563206459068276,
            0.7415410688003193
        ],
        [
            0.0,
            0.0,
            0.0,
            0.0,
            0.0,
            0.0,
            0.0,
            1.0
        ]
    ],
    [
        [
            0.6126664842875209,
            0.2757018542603734,
            0.0839773630158327,
            0.018981372556347412,
            0.004452597543577275,
            0.002434352509502693,
            0.0005345387320457339,
            0.0012514370947999788
        ],
        [
            0.024450607380036394,
            0.5837041010431141,
            0.3007935755421974,
            0.0682427076038159,
            0.011235382604011,
            0.006560414517103239,
            0.00124854832102427,
            0.0037646629886973885
        ],
        [
            0.0036278110961994246,
            0.08189507760064872,
            0.6252868297716554,
            0.21914426397723738,
            0.040327719572583,
            0.01584629365655829,
            0.0030254888064038706,
            0.010846515518713592
        ],
        [
            0.002092322256950613,
            0.017375607748316032,
            0.16123241132570618,
            0.5593216019486963,
            0.1470052702135514,
            0.0579094733353842,
            0.010301024349739535,
            0.044762288821655276
        ],
        [
            0.0013996688145915847,
            0.00757131900079898,
            0.06984369571683041,
            0.17910056577015523,
            0.36465573092885023,
            0.1977944744924342,
            0.030477846165670557,
            0.14915669911066873
        ],
        [
            0.0005915286460536334,
            0.003551961351575716,
            0.031467473822211385,
            0.06733200228492936,
            0.13359766923406463,
            0.34014022840606667,
            0.05242127359509512,
            0.3708978626600035
        ],
        [
            0.00017423292085937776,
            0.0014265145349966124,
            0.012306687031050836,
            0.024423318234063206,
            0.0438159702636724,
            0.11211758397580252,
            0.03616712970528718,
            0.7695685633342677
        ],
        [
            0.0,
            0.0,
            0.0,
            0.0,
            0.0,
            0.0,
            0.0,
            1.0
        ]
    ],
    [
        [
            0.5656526227602375,
            0.2956852486422928,
            0.10284877567753169,
            0.02465163379396927,
            0.005619181987815558,
            0.003090299444297451,
            0.0006474059709420975,
            0.0018048317229138046
        ],
        [
            0.026304792965507758,
            0.5384121110471635,
            0.32331090791899086,
            0.08259462943868047,
            0.014591744097190273,
            0.008027152243219877,
            0.0015109908172330887,
            0.005247671472013667
        ],
        [
            0.004260764856557229,
            0.08821860378661162,
            0.5874136189655189,
            0.23498005547076517,
            0.047435888960953514,
            0.01943099857595066,
            0.0036199263231804233,
            0.01464014306046215
        ],
        [
            0.0023878216351977664,
            0.020619508697762544,
            0.1740459226924306,
            0.5182159190129458,
            0.15187322582260762,
            0.06514033586027734,
            0.011338532416352604,
            0.0563787338624251
        ],
        [
            0.0015712263774229347,
            0.009189805071652606,
            0.07808363910210113,
            0.1871276652258667,
            0.32000820960365417,
            0.19508210969125805,
            0.030354980099099656,
            0.17858236482894463
        ],
        [
            0.0006837432850929276,
            0.004321026961927851,
            0.03575613686838854,
            0.07426156139719892,
            0.132416516485779,
            0.29303626705302854,
            0.04611263197057458,
            0.4134121159780097
        ],
        [
            0.00020984751972962724,
            0.0017038308806626642,
            0.013716380340386814,
            0.026681080271341993,
            0.04387467763889024,
            0.09858641728257453,
            0.025191200283168312,
            0.7900365657832457
        ],
        [
            0.0,
            0.0,
            0.0,
            0.0,
            0.0,
            0.0,
            0.0,
            1.0
        ]
    ],
    [
        [
            0.5225175523038341,
            0.3109124196095495,
            0.12160087574969025,
            0.030932571702261158,
            0.006955925202267507,
            0.0038190467553537435,
            0.0007727631994796803,
            0.002488845477564248
        ],
        [
            0.02774871214011272,
            0.4979044046481643,
            0.3410288085348193,
            0.09666560211491469,
            0.018200252659711227,
            0.009633001241689285,
            0.0017937654594163278,
            0.007025453201171476
        ],
        [
            0.004872429607283879,
            0.09325671575681964,
            0.5540707106811033,
            0.24742088262953804,
            0.05408560456996237,
            0.023063638453458626,
            0.004213711715796955,
            0.019016306586036737
        ],
        [
            0.0026720668243541672,
            0.023775693890667467,
            0.18443554080704946,
            0.4826174743641624,
            0.15436015334888767,
            0.07118384519109915,
            0.012204099146010797,
            0.0687511264277682
        ],
        [
            0.0017328249462531514,
            0.010824445439035992,
            0.08542820368747728,
            0.19228151418485476,
            0.28356175839770587,
            0.18931344358248267,
            0.02968387578584836,
            0.20717393397634185
        ],
        [
            0.0007731732502944484,
            0.005109321077015736,
            0.039716165748278125,
            0.07997370386882316,
            0.12916172252296948,
            0.2541221616127412,
            0.040464569113542806,
            0.4506791828063351
        ],
        [
            0.00024450888944554656,
            0.001984913327907473,
            0.015010734508160536,
            0.028540195752314607,
            0.04313872220352372,
            0.08647710701975923,
            0.018728198345546402,
            0.8058756199533423
        ],
        [
            0.0,
            0.0,
            0.0,
            0.0,
            0.0,
            0.0,
            0.0,
            1.0
        ]
    ],
    [
        [
            0.48292323684292904,
            0.3220930000469038,
            0.1399271725736906,
            0.03774051629996384,
            0.008465124721066182,
            0.004623129130413255,
            0.0009110500838990299,
            0.0033167703011345064
        ],
        [
            0.028842266434147015,
            0.46161301689166184,
            0.3547225271771556,
            0.11025116914807342,
            0.02199193059372555,
            0.011369025097615797,
            0.0020952564235320347,
            0.009114808234088159
        ],
        [
            0.00545730501466615,
            0.097212854240789,
            0.5246223700245982,
            0.2570579443495141,
            0.060216327559989374,
            0.026674502157815333,
            0.004797826829528443,
            0.023960869823098793
        ],
        [
            0.002945566118253897,
            0.02680989184774586,
            0.1927885234573188,
            0.4516508413795362,
            0.15507674622235618,
            0.07609515378806035,
            0.012906126973251157,
            0.08172715021347683
        ],
        [
            0.0018859097321570603,
            0.012453535721674442,
            0.09193376286019336,
            0.19522544939755715,
            0.2535450284080556,
            0.1816493690983859,
            0.02865627870637251,
            0.2346506660756039
        ],
        [
            0.0008597116615469737,
            0.005907209048556693,
            0.043347016113395045,
            0.084577947250225,
            0.12459291525969514,
            0.22174295157696383,
            0.03554268751002705,
            0.48342956157959033
        ],
        [
            0.00027804805429130754,
            0.0022669371698730853,
            0.016193700295715166,
            0.030037706326583452,
            0.041876024475547134,
            0.07592877927482919,
            0.014711719682136096,
            0.8187070847210245
        ],
        [
            0.0,
            0.0,
            0.0,
            0.0,
            0.0,
            0.0,
            0.0,
            1.0
        ]
    ],
    [
        [
            0.4465627653117913,
            0.3298410752872369,
            0.15759715028926874,
            0.044986797631114614,
            0.01014365520662304,
            0.00550426888374025,
            0.001062434043328198,
            0.00430185334689716
        ],
        [
            0.0296373514735528,
            0.42904196971357894,
            0.3650473863738807,
            0.12320631045898531,
            0.025902788483177612,
            0.013221106902969737,
            0.0024131157554405413,
            0.011529970838413854
        ],
        [
            0.006011483348245649,
            0.10025931136279766,
            0.4985263829034306,
            0.2643795847312861,
            0.06580018484156329,
            0.030205411123511692,
            0.005364605907065039,
            0.02945303578209941
        ],
        [
            0.003208607127831448,
            0.029697773983319287,
            0.19942908649771635,
            0.42459051873931253,
            0.15448789085763526,
            0.079962726262202,
            0.013456598295301391,
            0.09516679823668102
        ],
        [
            0.002031556449262857,
            0.014059118963198981,
            0.09765972654008111,
            0.19647407920999915,
            0.2285988380647969,
            0.17291345328040192,
            0.027412646273928486,
            0.26085058121833044
        ],
        [
            0.0009433069958397635,
            0.006706108632848556,
            0.046653324198718864,
            0.08819227934919605,
            0.11925197362828886,
            0.19462555749028468,
            0.0313089455982182,
            0.5123185041066051
        ],
        [
            0.0003103823942878491,
            0.0025473415268550334,
            0.01726873768834101,
            0.031211619391877426,
            0.04028421970650089,
            0.06685867949451314,
            0.012058979230258404,
            0.8294600405673662
        ],
        [
            0.0,
            0.0,
            0.0,
            0.0,
            0.0,
            0.0,
            0.0,
            1.0
        ]
    ]
]