[
  [
    [
      0.899,
      0.09326,
      0.00547,
      0.00052,
      0.00083,
      0.00031,
      0.00052,
      0.0
    ],
    [
      0.00542,
      0.90428,
      0.08332,
      0.00531,
      0.00052,
      0.00073,
      0.00021,
      0.00021
    ],
    [
      0.00031,
      0.01854,
      0.91975,
      0.05584,
      0.00335,
      0.00136,
      0.00021,
      0.00063
    ],
    [
      0.00011,
      0.00107,
      0.03743,
      0.91245,
      0.04042,
      0.00544,
      0.00128,
      0.00192
    ],
    [
      0.00011,
      0.00033,
      0.00133,
      0.055,
      0.85183,
      0.07657,
      0.00675,
      0.00797
    ],
    [
      0.0,
      0.00034,
      0.00102,
      0.00216,
      0.05856,
      0.84444,
      0.05072,
      0.04276
    ],
    [
      0.0,
      0.0,
      0.00154,
      0.00225,
      0.00745,
      0.15258,
      0.51968,
      0.31651
    ],
    [
      0.0,
      0.0,
      0.0,
      0.0,
      0.0,
      0.0,
      0.0,
      1.0
    ]
  ],
  [
    [
      0.80798,
      0.17154,
      0.01536,
      0.00117,
      0.00203,
      0.00053,
      0.00117,
      0.00032
    ],
    [
      0.00986,
      0.81793,
      0.15357,
      0.0142,
      0.00206,
      0.00163,
      0.00022,
      0.00065
    ],
    [
      0.00044,
      0.03506,
      0.84876,
      0.10156,
      0.0089,
      0.00319,
      0.00055,
      0.00165
    ],
    [
      0.00023,
      0.00215,
      0.07292,
      0.83545,
      0.06816,
      0.01281,
      0.00249,
      0.0059
    ],
    [
      0.00012,
      0.00061,
      0.00377,
      0.10688,
      0.7224,
      0.12536,
      0.01338,
      0.02736
    ],
    [
      0.0,
      0.00051,
      0.00205,
      0.00589,
      0.11108,
      0.70553,
      0.0654,
      0.10955
    ],
    [
      0.0,
      0.0,
      0.00224,
      0.00711,
      0.01422,
      0.21864,
      0.28998,
      0.46768
    ],
    [
      0.0,
      0.0,
      0.0,
      0.0,
      0.0,
      0.0,
      0.0,
      1.0
    ]
  ],
  [
    [
      0.72204,
      0.24281,
      0.02601,
      0.00353,
      0.00209,
      0.00088,
      0.00121,
      0.00143
    ],
    [
      0.01366,
      0.74305,
      0.211,
      0.02382,
      0.00406,
      0.0026,
      0.00034,
      0.00147
    ],
    [
      0.00069,
      0.04787,
      0.79006,
      0.13646,
      0.01546,
      0.00531,
      0.00115,
      0.003
    ],
    [
      0.00024,
      0.00349,
      0.10268,
      0.77359,
      0.08513,
      0.02032,
      0.00361,
      0.01094
    ],
    [
      0.00013,
      0.0008,
      0.00716,
      0.14871,
      0.61842,
      0.15388,
      0.01696,
      0.05394
    ],
    [
      0.0,
      0.00043,
      0.00327,
      0.01194,
      0.14891,
      0.58765,
      0.06621,
      0.18159
    ],
    [
      0.0,
      0.0,
      0.00198,
      0.00864,
      0.02337,
      0.23538,
      0.15451,
      0.57612
    ],
    [
      0.0,
      0.0,
      0.0,
      0.0,
      0.0,
      0.0,
      0.0,
      1.0
    ]
  ],
  [
    [
      0.64852957,
      0.29502976,
      0.04141665,
      0.0066394,
      0.00249065,
      0.00156883,
      0.00117796,
      0.00314717
    ],
    [
      0.01625429,
      0.67469653,
      0.26227356,
      0.03370372,
      0.00543991,
      0.00393495,
      0.00051555,
      0.00318149
    ],
    [
      0.00085842,
      0.05796596,
      0.74002271,
      0.16614815,
      0.02146679,
      0.00704886,
      0.00167367,
      0.00481545
    ],
    [
      0.00032416,
      0.00475342,
      0.12363007,
      0.72747588,
      0.09539971,
      0.02578593,
      0.00468591,
      0.01794494
    ],
    [
      0.00013564,
      0.00102715,
      0.01173969,
      0.175553,
      0.53954088,
      0.16550125,
      0.01927592,
      0.08722646
    ],
    [
      9.923e-05,
      0.00046606,
      0.00394009,
      0.01923961,
      0.16759562,
      0.49313884,
      0.05823918,
      0.25728136
    ],
    [
      0.0,
      9.941e-05,
      0.00178968,
      0.0098756,
      0.03592045,
      0.21452631,
      0.07090914,
      0.6668794
    ],
    [
      0.0,
      0.0,
      0.0,
      0.0,
      0.0,
      0.0,
      0.0,
      1.0
    ]
  ],
  [
    [
      0.58291877,
      0.33463509,
      0.06089454,
      0.01020496,
      0.00300591,
      0.00224725,
      0.00115981,
      0.00493367
    ],
    [
      0.01820936,
      0.61435725,
      0.30394417,
      0.04536706,
      0.00724918,
      0.00512173,
      0.00072295,
      0.0050283
    ],
    [
      0.00106977,
      0.06612615,
      0.6957267,
      0.19160899,
      0.02722889,
      0.00898963,
      0.00203,
      0.00721987
    ],
    [
      0.0004,
      0.00632,
      0.14142,
      0.68636,
      0.10334,
      0.03081,
      0.00538,
      0.02597
    ],
    [
      0.00015053,
      0.00127455,
      0.017061,
      0.19585841,
      0.47417931,
      0.17047938,
      0.02031504,
      0.12068179
    ],
    [
      0.00017059,
      0.00053231,
      0.00470904,
      0.02736052,
      0.1770637,
      0.41690455,
      0.05017713,
      0.32308216
    ],
    [
      2.62e-06,
      0.000144,
      0.00199665,
      0.01132647,
      0.04549325,
      0.18593134,
      0.03861025,
      0.71649543
    ],
    [
      0.0,
      0.0,
      0.0,
      0.0,
      0.0,
      0.0,
      0.0,
      1.0
    ]
  ],
  [
    [
      0.51020874,
      0.36201039,
      0.08172541,
      0.01721996,
      0.00504487,
      0.00601071,
      0.00168105,
      0.01609888
    ],
    [
      0.01936028,
      0.55472498,
      0.33805279,
      0.05737904,
      0.00957533,
      0.00718671,
      0.00088132,
      0.01283954
    ],
    [
      0.00120631,
      0.07073926,
      0.65245523,
      0.21075402,
      0.03278075,
      0.01243419,
      0.0024472,
      0.01718304
    ],
    [
      0.00042326,
      0.00767994,
      0.15257043,
      0.65325471,
      0.10749693,
      0.03490749,
      0.00579332,
      0.03787393
    ],
    [
      0.0001572,
      0.0014695,
      0.02086091,
      0.19516169,
      0.39101778,
      0.17484622,
      0.02098395,
      0.19550275
    ],
    [
      0.00017373,
      0.00057462,
      0.0058223,
      0.03283564,
      0.16254941,
      0.32656916,
      0.03929449,
      0.43218065
    ],
    [
      1.059e-05,
      0.00016019,
      0.00314374,
      0.01466024,
      0.05300121,
      0.15161312,
      0.02986603,
      0.74754488
    ],
    [
      0.0,
      0.0,
      0.0,
      0.0,
      0.0,
      0.0,
      0.0,
      1.0
    ]
  ],
  [
    [
      0.44372896,
      0.37753435,
      0.10697886,
      0.02494479,
      0.0073072,
      0.00922937,
      0.0021872,
      0.02808928
    ],
    [
      0.01998003,
      0.50136203,
      0.3639319,
      0.07004627,
      0.01216445,
      0.00919922,
      0.00121464,
      0.02210145
    ],
    [
      0.00140942,
      0.07412553,
      0.61361417,
      0.22701285,
      0.03773536,
      0.01543241,
      0.00280877,
      0.0278615
    ],
    [
      0.00044787,
      0.00910715,
      0.16189661,
      0.62274406,
      0.10994031,
      0.03835408,
      0.00613584,
      0.05137408
    ],
    [
      0.00016505,
      0.0017219,
      0.0252104,
      0.1931523,
      0.32502312,
      0.16948533,
      0.02044546,
      0.26479644
    ],
    [
      0.00017279,
      0.00065754,
      0.00686634,
      0.03697825,
      0.14658635,
      0.25824148,
      0.03107182,
      0.51942542
    ],
    [
      1.891e-05,
      0.00029354,
      0.00416451,
      0.01729308,
      0.05529724,
      0.12432945,
      0.02328239,
      0.77532088
    ],
    [
      0.0,
      0.0,
      0.0,
      0.0,
      0.0,
      0.0,
      0.0,
      1.0
    ]
  ],
  [
    [
      0.41052882,
      0.4061261,
      0.11865475,
      0.03412597,
      0.00709211,
      0.00563212,
      0.00156822,
      0.01627191
    ],
    [
      0.01997532,
      0.47189441,
      0.3918877,
      0.07706453,
      0.01332416,
      0.00764814,
      0.00075004,
      0.01745571
    ],
    [
      0.00133836,
      0.07793059,
      0.5903227,
      0.2453442,
      0.04076008,
      0.01497572,
      0.00244207,
      0.02688627
    ],
    [
      0.00043534,
      0.01040993,
      0.16962552,
      0.59175944,
      0.113309,
      0.04121678,
      0.00618005,
      0.06706394
    ],
    [
      0.00027641,
      0.00152797,
      0.02529794,
      0.1786592,
      0.26823184,
      0.16517296,
      0.01824603,
      0.34258764
    ],
    [
      0.00012158,
      0.00061461,
      0.00791289,
      0.04762029,
      0.16138209,
      0.23601253,
      0.02623486,
      0.52010114
    ],
    [
      0.00017623,
      0.00013351,
      0.0049019,
      0.01157744,
      0.06824489,
      0.16862857,
      0.01885075,
      0.72748671
    ],
    [
      0.0,
      0.0,
      0.0,
      0.0,
      0.0,
      0.0,
      0.0,
      1.0
    ]
  ],
  [
    [
      0.35011463,
      0.40719713,
      0.14818963,
      0.04782818,
      0.01044682,
      0.00821024,
      0.00171709,
      0.02629628
    ],
    [
      0.01928845,
      0.42985974,
      0.40645973,
      0.08961577,
      0.01622063,
      0.00962367,
      0.00105009,
      0.02788191
    ],
    [
      0.00155043,
      0.07963254,
      0.55644835,
      0.25710338,
      0.04424592,
      0.01760207,
      0.00275146,
      0.04066585
    ],
    [
      0.00043538,
      0.01171337,
      0.17441246,
      0.5569143,
      0.11338531,
      0.04461656,
      0.00645242,
      0.09207019
    ],
    [
      0.00039343,
      0.00165091,
      0.02639959,
      0.15576764,
      0.20119844,
      0.15090772,
      0.01681337,
      0.44686891
    ],
    [
      0.0001018,
      0.00077079,
      0.0084473,
      0.05016337,
      0.14548348,
      0.19105727,
      0.02121927,
      0.58275671
    ],
    [
      9.712e-05,
      0.00032513,
      0.00533529,
      0.01986829,
      0.07526101,
      0.13137138,
      0.01463726,
      0.75310452
    ],
    [
      0.0,
      0.0,
      0.0,
      0.0,
      0.0,
      0.0,
      0.0,
      1.0
    ]
  ],
  [
    [
      0.36046,
      0.44711,
      0.13614,
      0.03979,
      0.0025,
      0.00291,
      0.00083,
      0.01026
    ],
    [
      0.01938,
      0.41483,
      0.43113,
      0.10015,
      0.01542,
      0.00646,
      0.00044,
      0.01219
    ],
    [
      0.00172,
      0.08349,
      0.55041,
      0.27481,
      0.04682,
      0.01545,
      0.00218,
      0.02512
    ],
    [
      0.00034,
      0.01271,
      0.18633,
      0.55933,
      0.11506,
      0.04225,
      0.00567,
      0.07831
    ],
    [
      0.00039,
      0.00136,
      0.03471,
      0.21796,
      0.28388,
      0.15028,
      0.01299,
      0.29843
    ],
    [
      0.0,
      0.00083,
      0.00934,
      0.05332,
      0.14253,
      0.17967,
      0.01867,
      0.59564
    ],
    [
      0.0,
      0.0,
      0.003,
      0.014,
      0.05834,
      0.07551,
      0.00618,
      0.84297
    ],
    [
      0.0,
      0.0,
      0.0,
      0.0,
      0.0,
      0.0,
      0.0,
      1.0
    ]
  ]
]