{
 "cells": [
  {
   "cell_type": "markdown",
   "metadata": {},
   "source": [
    "# Using transitionMatrix to interpolate monthly transition matrices from annual ones"
   ]
  },
  {
   "cell_type": "markdown",
   "metadata": {},
   "source": [
    "Credit Migration Matrices are usually estimated on an annual basis (in order to aggregate sufficient statistics). Yet for some applications it is important to have estimated transition rates at more frequent intervals, e .g. quarterly or monthy. \n",
    "\n",
    "Such more granular information obviously cannot be created out of thin air. We have to make some assumptions about the model governing transitions in those finer timescales. \n",
    "\n",
    "One common assumption is that transitions within each interval are conditionally uniform. That is, given there is a transition, it occurs with equal probability anywhere within the time interval\n",
    "\n",
    "In this notebook we use this assumption to convert a set of annual transition matrices covering a ten year period to an interpolated set that covers that same period in 120 monthly intervals"
   ]
  },
  {
   "cell_type": "markdown",
   "metadata": {},
   "source": [
    "## Step 1:  Import the goodies"
   ]
  },
  {
   "cell_type": "code",
   "execution_count": 27,
   "metadata": {},
   "outputs": [],
   "source": [
    "import transitionMatrix as tm"
   ]
  },
  {
   "cell_type": "code",
   "execution_count": 28,
   "metadata": {},
   "outputs": [],
   "source": [
    "from transitionMatrix import dataset_path"
   ]
  },
  {
   "cell_type": "code",
   "execution_count": 29,
   "metadata": {},
   "outputs": [],
   "source": [
    "from transitionMatrix.model import matrix_exponent"
   ]
  },
  {
   "cell_type": "code",
   "execution_count": 30,
   "metadata": {},
   "outputs": [],
   "source": [
    "from transitionMatrix.utils.converters import print_matrix"
   ]
  },
  {
   "cell_type": "code",
   "execution_count": 31,
   "metadata": {},
   "outputs": [],
   "source": [
    "import matplotlib.pyplot as plt"
   ]
  },
  {
   "cell_type": "markdown",
   "metadata": {},
   "source": [
    "## Step 2: Load a set of multiperiod annual transitions"
   ]
  },
  {
   "cell_type": "markdown",
   "metadata": {},
   "source": [
    "Notice we load a full set for ten annual periods, not just an annual matrix. We do this because we want to respect the multi-period term structure of migrations, we do not want to assume it is simply reproduced by iterations of the annual matrix (without memory)"
   ]
  },
  {
   "cell_type": "code",
   "execution_count": 6,
   "metadata": {},
   "outputs": [],
   "source": [
    "AnnualSet = tm.TransitionMatrixSet(json_file=dataset_path + \"generic_multiperiod.json\")"
   ]
  },
  {
   "cell_type": "markdown",
   "metadata": {},
   "source": [
    "Lets first run the built-in validation (just in case)"
   ]
  },
  {
   "cell_type": "code",
   "execution_count": 7,
   "metadata": {},
   "outputs": [
    {
     "data": {
      "text/plain": [
       "True"
      ]
     },
     "execution_count": 7,
     "metadata": {},
     "output_type": "execute_result"
    }
   ],
   "source": [
    "AnnualSet.validate()"
   ]
  },
  {
   "cell_type": "markdown",
   "metadata": {},
   "source": [
    "What have we got here? Lets print out the sequence"
   ]
  },
  {
   "cell_type": "code",
   "execution_count": 8,
   "metadata": {},
   "outputs": [
    {
     "name": "stdout",
     "output_type": "stream",
     "text": [
      "Entry:  0\n",
      "0.92 0.07 0.01 0.00 0.00 0.00 0.00 0.00 \n",
      "0.01 0.91 0.08 0.01 0.00 0.00 0.00 0.00 \n",
      "0.00 0.02 0.91 0.06 0.00 0.00 0.00 0.00 \n",
      "0.00 0.00 0.04 0.89 0.05 0.01 0.00 0.00 \n",
      "0.00 0.00 0.01 0.06 0.82 0.08 0.01 0.01 \n",
      "0.00 0.00 0.01 0.01 0.05 0.81 0.05 0.07 \n",
      "0.00 0.00 0.00 0.01 0.02 0.11 0.53 0.34 \n",
      "0.00 0.00 0.00 0.00 0.00 0.00 0.00 1.00 \n",
      "\n",
      "Entry:  1\n",
      "0.85 0.13 0.02 0.00 0.00 0.00 0.00 0.00 \n",
      "0.01 0.83 0.14 0.02 0.00 0.00 0.00 0.00 \n",
      "0.00 0.04 0.84 0.11 0.01 0.00 0.00 0.00 \n",
      "0.00 0.00 0.07 0.80 0.08 0.02 0.00 0.01 \n",
      "0.00 0.00 0.03 0.10 0.68 0.13 0.02 0.04 \n",
      "0.00 0.00 0.01 0.03 0.09 0.67 0.07 0.14 \n",
      "0.00 0.00 0.01 0.01 0.03 0.14 0.28 0.53 \n",
      "0.00 0.00 0.00 0.00 0.00 0.00 0.00 1.00 \n",
      "\n",
      "Entry:  2\n",
      "0.78 0.18 0.03 0.01 0.00 0.00 0.00 0.00 \n",
      "0.02 0.76 0.19 0.03 0.00 0.00 0.00 0.00 \n",
      "0.00 0.05 0.77 0.14 0.02 0.01 0.00 0.00 \n",
      "0.00 0.01 0.10 0.73 0.11 0.03 0.01 0.02 \n",
      "0.00 0.00 0.04 0.13 0.57 0.17 0.02 0.06 \n",
      "0.00 0.00 0.02 0.04 0.11 0.56 0.07 0.21 \n",
      "0.00 0.00 0.01 0.01 0.03 0.15 0.16 0.64 \n",
      "0.00 0.00 0.00 0.00 0.00 0.00 0.00 1.00 \n",
      "\n",
      "Entry:  3\n",
      "0.72 0.22 0.05 0.01 0.00 0.00 0.00 0.00 \n",
      "0.02 0.69 0.24 0.04 0.01 0.00 0.00 0.00 \n",
      "0.00 0.06 0.72 0.17 0.03 0.01 0.00 0.01 \n",
      "0.00 0.01 0.13 0.66 0.13 0.04 0.01 0.02 \n",
      "0.00 0.00 0.05 0.15 0.49 0.19 0.03 0.09 \n",
      "0.00 0.00 0.02 0.05 0.13 0.47 0.07 0.27 \n",
      "0.00 0.00 0.01 0.02 0.04 0.14 0.09 0.70 \n",
      "0.00 0.00 0.00 0.00 0.00 0.00 0.00 1.00 \n",
      "\n",
      "Entry:  4\n",
      "0.66 0.25 0.07 0.01 0.00 0.00 0.00 0.00 \n",
      "0.02 0.63 0.27 0.05 0.01 0.01 0.00 0.00 \n",
      "0.00 0.07 0.67 0.20 0.03 0.01 0.00 0.01 \n",
      "0.00 0.01 0.15 0.61 0.14 0.05 0.01 0.03 \n",
      "0.00 0.01 0.06 0.17 0.42 0.20 0.03 0.12 \n",
      "0.00 0.00 0.03 0.06 0.13 0.40 0.06 0.32 \n",
      "0.00 0.00 0.01 0.02 0.04 0.13 0.06 0.74 \n",
      "0.00 0.00 0.00 0.00 0.00 0.00 0.00 1.00 \n",
      "\n",
      "Entry:  5\n",
      "0.61 0.28 0.08 0.02 0.00 0.00 0.00 0.00 \n",
      "0.02 0.58 0.30 0.07 0.01 0.01 0.00 0.00 \n",
      "0.00 0.08 0.63 0.22 0.04 0.02 0.00 0.01 \n",
      "0.00 0.02 0.16 0.56 0.15 0.06 0.01 0.04 \n",
      "0.00 0.01 0.07 0.18 0.36 0.20 0.03 0.15 \n",
      "0.00 0.00 0.03 0.07 0.13 0.34 0.05 0.37 \n",
      "0.00 0.00 0.01 0.02 0.04 0.11 0.04 0.77 \n",
      "0.00 0.00 0.00 0.00 0.00 0.00 0.00 1.00 \n",
      "\n",
      "Entry:  6\n",
      "0.57 0.30 0.10 0.02 0.01 0.00 0.00 0.00 \n",
      "0.03 0.54 0.32 0.08 0.01 0.01 0.00 0.01 \n",
      "0.00 0.09 0.59 0.23 0.05 0.02 0.00 0.01 \n",
      "0.00 0.02 0.17 0.52 0.15 0.07 0.01 0.06 \n",
      "0.00 0.01 0.08 0.19 0.32 0.20 0.03 0.18 \n",
      "0.00 0.00 0.04 0.07 0.13 0.29 0.05 0.41 \n",
      "0.00 0.00 0.01 0.03 0.04 0.10 0.03 0.79 \n",
      "0.00 0.00 0.00 0.00 0.00 0.00 0.00 1.00 \n",
      "\n",
      "Entry:  7\n",
      "0.52 0.31 0.12 0.03 0.01 0.00 0.00 0.00 \n",
      "0.03 0.50 0.34 0.10 0.02 0.01 0.00 0.01 \n",
      "0.00 0.09 0.55 0.25 0.05 0.02 0.00 0.02 \n",
      "0.00 0.02 0.18 0.48 0.15 0.07 0.01 0.07 \n",
      "0.00 0.01 0.09 0.19 0.28 0.19 0.03 0.21 \n",
      "0.00 0.01 0.04 0.08 0.13 0.25 0.04 0.45 \n",
      "0.00 0.00 0.02 0.03 0.04 0.09 0.02 0.81 \n",
      "0.00 0.00 0.00 0.00 0.00 0.00 0.00 1.00 \n",
      "\n",
      "Entry:  8\n",
      "0.48 0.32 0.14 0.04 0.01 0.00 0.00 0.00 \n",
      "0.03 0.46 0.35 0.11 0.02 0.01 0.00 0.01 \n",
      "0.01 0.10 0.52 0.26 0.06 0.03 0.00 0.02 \n",
      "0.00 0.03 0.19 0.45 0.16 0.08 0.01 0.08 \n",
      "0.00 0.01 0.09 0.20 0.25 0.18 0.03 0.23 \n",
      "0.00 0.01 0.04 0.08 0.12 0.22 0.04 0.48 \n",
      "0.00 0.00 0.02 0.03 0.04 0.08 0.01 0.82 \n",
      "0.00 0.00 0.00 0.00 0.00 0.00 0.00 1.00 \n",
      "\n",
      "Entry:  9\n",
      "0.45 0.33 0.16 0.04 0.01 0.01 0.00 0.00 \n",
      "0.03 0.43 0.37 0.12 0.03 0.01 0.00 0.01 \n",
      "0.01 0.10 0.50 0.26 0.07 0.03 0.01 0.03 \n",
      "0.00 0.03 0.20 0.42 0.15 0.08 0.01 0.10 \n",
      "0.00 0.01 0.10 0.20 0.23 0.17 0.03 0.26 \n",
      "0.00 0.01 0.05 0.09 0.12 0.19 0.03 0.51 \n",
      "0.00 0.00 0.02 0.03 0.04 0.07 0.01 0.83 \n",
      "0.00 0.00 0.00 0.00 0.00 0.00 0.00 1.00 \n",
      "\n"
     ]
    }
   ],
   "source": [
    "AnnualSet.print_matrix()"
   ]
  },
  {
   "cell_type": "markdown",
   "metadata": {},
   "source": [
    "## Step 4: Obtain incremental transition rates per period"
   ]
  },
  {
   "cell_type": "markdown",
   "metadata": {},
   "source": [
    "In order to interpolate monthly transitions using the uniform probability (constant hazard rate) assumption, we need first calculate the period-on-period incremental transition matrices"
   ]
  },
  {
   "cell_type": "code",
   "execution_count": 9,
   "metadata": {},
   "outputs": [],
   "source": [
    "AnnualSet.incremental()"
   ]
  },
  {
   "cell_type": "code",
   "execution_count": 10,
   "metadata": {},
   "outputs": [
    {
     "name": "stdout",
     "output_type": "stream",
     "text": [
      "Entry:  0\n",
      "0.92 0.07 0.01 0.00 0.00 0.00 0.00 0.00 \n",
      "0.01 0.91 0.08 0.01 0.00 0.00 0.00 0.00 \n",
      "0.00 0.02 0.91 0.06 0.00 0.00 0.00 0.00 \n",
      "0.00 0.00 0.04 0.89 0.05 0.01 0.00 0.00 \n",
      "0.00 0.00 0.01 0.06 0.82 0.08 0.01 0.01 \n",
      "0.00 0.00 0.01 0.01 0.05 0.81 0.05 0.07 \n",
      "0.00 0.00 0.00 0.01 0.02 0.11 0.53 0.34 \n",
      "0.00 0.00 0.00 0.00 0.00 0.00 0.00 1.00 \n",
      "\n",
      "Entry:  1\n",
      "0.92 0.07 0.01 0.00 0.00 0.00 0.00 0.00 \n",
      "0.01 0.91 0.08 0.01 0.00 0.00 0.00 0.00 \n",
      "0.00 0.02 0.91 0.06 0.00 0.00 0.00 0.00 \n",
      "0.00 0.00 0.04 0.89 0.05 0.01 0.00 0.00 \n",
      "0.00 0.00 0.01 0.06 0.82 0.08 0.01 0.01 \n",
      "0.00 0.00 0.01 0.01 0.05 0.81 0.05 0.07 \n",
      "0.00 0.00 0.00 0.01 0.02 0.11 0.53 0.34 \n",
      "0.00 0.00 0.00 0.00 0.00 0.00 0.00 1.00 \n",
      "\n",
      "Entry:  2\n",
      "0.92 0.07 0.01 0.00 0.00 0.00 0.00 0.00 \n",
      "0.01 0.91 0.08 0.01 0.00 0.00 0.00 0.00 \n",
      "0.00 0.02 0.91 0.06 0.00 0.00 0.00 0.00 \n",
      "0.00 0.00 0.04 0.89 0.05 0.01 0.00 0.00 \n",
      "0.00 0.00 0.01 0.06 0.82 0.08 0.01 0.01 \n",
      "0.00 0.00 0.01 0.01 0.05 0.81 0.05 0.07 \n",
      "0.00 0.00 0.00 0.01 0.02 0.11 0.53 0.34 \n",
      "0.00 0.00 0.00 0.00 0.00 0.00 0.00 1.00 \n",
      "\n",
      "Entry:  3\n",
      "0.92 0.07 0.01 0.00 0.00 0.00 0.00 0.00 \n",
      "0.01 0.91 0.08 0.01 0.00 0.00 0.00 0.00 \n",
      "0.00 0.02 0.91 0.06 0.00 0.00 0.00 0.00 \n",
      "0.00 0.00 0.04 0.89 0.05 0.01 0.00 0.00 \n",
      "0.00 0.00 0.01 0.06 0.82 0.08 0.01 0.01 \n",
      "0.00 0.00 0.01 0.01 0.05 0.81 0.05 0.07 \n",
      "0.00 0.00 0.00 0.01 0.02 0.11 0.53 0.34 \n",
      "0.00 0.00 0.00 0.00 0.00 0.00 0.00 1.00 \n",
      "\n",
      "Entry:  4\n",
      "0.92 0.07 0.01 0.00 0.00 0.00 0.00 0.00 \n",
      "0.01 0.91 0.08 0.01 0.00 0.00 0.00 0.00 \n",
      "0.00 0.02 0.91 0.06 0.00 0.00 0.00 0.00 \n",
      "0.00 0.00 0.04 0.89 0.05 0.01 0.00 0.00 \n",
      "0.00 0.00 0.01 0.06 0.82 0.08 0.01 0.01 \n",
      "0.00 0.00 0.01 0.01 0.05 0.81 0.05 0.07 \n",
      "0.00 0.00 0.00 0.01 0.02 0.11 0.53 0.34 \n",
      "0.00 0.00 0.00 0.00 0.00 0.00 0.00 1.00 \n",
      "\n",
      "Entry:  5\n",
      "0.92 0.07 0.01 0.00 0.00 0.00 0.00 0.00 \n",
      "0.01 0.91 0.08 0.01 0.00 0.00 0.00 0.00 \n",
      "0.00 0.02 0.91 0.06 0.00 0.00 0.00 0.00 \n",
      "0.00 0.00 0.04 0.89 0.05 0.01 0.00 0.00 \n",
      "0.00 0.00 0.01 0.06 0.82 0.08 0.01 0.01 \n",
      "0.00 0.00 0.01 0.01 0.05 0.81 0.05 0.07 \n",
      "0.00 0.00 0.00 0.01 0.02 0.11 0.53 0.34 \n",
      "0.00 0.00 0.00 0.00 0.00 0.00 0.00 1.00 \n",
      "\n",
      "Entry:  6\n",
      "0.92 0.07 0.01 0.00 0.00 0.00 0.00 0.00 \n",
      "0.01 0.91 0.08 0.01 0.00 0.00 0.00 0.00 \n",
      "0.00 0.02 0.91 0.06 0.00 0.00 0.00 0.00 \n",
      "0.00 0.00 0.04 0.89 0.05 0.01 0.00 0.00 \n",
      "0.00 0.00 0.01 0.06 0.82 0.08 0.01 0.01 \n",
      "0.00 0.00 0.01 0.01 0.05 0.81 0.05 0.07 \n",
      "0.00 0.00 0.00 0.01 0.02 0.11 0.53 0.34 \n",
      "0.00 0.00 0.00 0.00 0.00 0.00 0.00 1.00 \n",
      "\n",
      "Entry:  7\n",
      "0.92 0.07 0.01 0.00 0.00 0.00 0.00 0.00 \n",
      "0.01 0.91 0.08 0.01 0.00 0.00 0.00 0.00 \n",
      "0.00 0.02 0.91 0.06 0.00 0.00 0.00 0.00 \n",
      "0.00 0.00 0.04 0.89 0.05 0.01 0.00 0.00 \n",
      "0.00 0.00 0.01 0.06 0.82 0.08 0.01 0.01 \n",
      "0.00 0.00 0.01 0.01 0.05 0.81 0.05 0.07 \n",
      "0.00 0.00 0.00 0.01 0.02 0.11 0.53 0.34 \n",
      "0.00 0.00 0.00 0.00 0.00 0.00 0.00 1.00 \n",
      "\n",
      "Entry:  8\n",
      "0.92 0.07 0.01 0.00 0.00 0.00 0.00 0.00 \n",
      "0.01 0.91 0.08 0.01 0.00 0.00 0.00 0.00 \n",
      "0.00 0.02 0.91 0.06 0.00 0.00 0.00 0.00 \n",
      "0.00 0.00 0.04 0.89 0.05 0.01 0.00 0.00 \n",
      "0.00 0.00 0.01 0.06 0.82 0.08 0.01 0.01 \n",
      "0.00 0.00 0.01 0.01 0.05 0.81 0.05 0.07 \n",
      "0.00 0.00 0.00 0.01 0.02 0.11 0.53 0.34 \n",
      "0.00 0.00 0.00 0.00 0.00 0.00 0.00 1.00 \n",
      "\n",
      "Entry:  9\n",
      "0.92 0.07 0.01 0.00 0.00 0.00 0.00 0.00 \n",
      "0.01 0.91 0.08 0.01 0.00 0.00 0.00 0.00 \n",
      "0.00 0.02 0.91 0.06 0.00 0.00 0.00 0.00 \n",
      "0.00 0.00 0.04 0.89 0.05 0.01 0.00 0.00 \n",
      "0.00 0.00 0.01 0.06 0.82 0.08 0.01 0.01 \n",
      "0.00 0.00 0.01 0.01 0.05 0.81 0.05 0.07 \n",
      "0.00 0.00 0.00 0.01 0.02 0.11 0.53 0.34 \n",
      "0.00 0.00 0.00 0.00 0.00 0.00 0.00 1.00 \n",
      "\n"
     ]
    }
   ],
   "source": [
    "AnnualSet.print_matrix()"
   ]
  },
  {
   "cell_type": "markdown",
   "metadata": {},
   "source": [
    "Surprise! All period matrices are the same! This is because the generic matrix set was created as a power of the first period matrix. If we had started with an empirically estimated multi-period set, it would have been less likely that different period matrices are identical (or close)"
   ]
  },
  {
   "cell_type": "markdown",
   "metadata": {},
   "source": [
    "## Step 5: Obtain the infinitesimal Generator and test the monthly Matrix"
   ]
  },
  {
   "cell_type": "code",
   "execution_count": 11,
   "metadata": {},
   "outputs": [],
   "source": [
    "g = AnnualSet.entries[0].generator()"
   ]
  },
  {
   "cell_type": "code",
   "execution_count": 12,
   "metadata": {},
   "outputs": [
    {
     "name": "stdout",
     "output_type": "stream",
     "text": [
      "-0.08 0.08 0.00 0.00 0.00 0.00 0.00 -0.00 \n",
      "0.01 -0.10 0.09 0.00 0.00 0.00 0.00 0.00 \n",
      "0.00 0.02 -0.09 0.06 0.00 0.00 0.00 0.00 \n",
      "0.00 0.00 0.04 -0.12 0.06 0.01 0.00 0.00 \n",
      "0.00 0.00 0.01 0.06 -0.20 0.10 0.01 0.01 \n",
      "0.00 0.00 0.01 0.01 0.07 -0.22 0.07 0.06 \n",
      "-0.00 0.00 0.00 0.01 0.02 0.16 -0.64 0.46 \n",
      "0.00 0.00 0.00 0.00 0.00 0.00 0.00 0.00 \n"
     ]
    }
   ],
   "source": [
    "print_matrix(g)"
   ]
  },
  {
   "cell_type": "markdown",
   "metadata": {},
   "source": [
    "That was easy enough. Looks nice, but how do we test? Lets first use the generator to obtain a monthly matrix"
   ]
  },
  {
   "cell_type": "code",
   "execution_count": 13,
   "metadata": {},
   "outputs": [],
   "source": [
    "Monthly = tm.matrix_exponent(g, 1/12)"
   ]
  },
  {
   "cell_type": "markdown",
   "metadata": {},
   "source": [
    "Notice we use 1/12 as the time period over which to integrate the generator. Lets see what we've got"
   ]
  },
  {
   "cell_type": "code",
   "execution_count": 14,
   "metadata": {},
   "outputs": [
    {
     "name": "stdout",
     "output_type": "stream",
     "text": [
      "0.9931 0.0064 0.0003 0.0001 0.0001 0.0000 0.0000 -0.0000 \n",
      "0.0006 0.9919 0.0070 0.0003 0.0000 0.0001 0.0000 0.0000 \n",
      "0.0000 0.0019 0.9923 0.0053 0.0003 0.0001 0.0000 0.0000 \n",
      "0.0000 0.0002 0.0037 0.9904 0.0046 0.0006 0.0002 0.0002 \n",
      "0.0000 0.0001 0.0012 0.0052 0.9835 0.0081 0.0010 0.0009 \n",
      "0.0000 0.0000 0.0005 0.0011 0.0053 0.9821 0.0060 0.0049 \n",
      "-0.0000 0.0000 0.0003 0.0005 0.0015 0.0128 0.9478 0.0371 \n",
      "0.0000 0.0000 0.0000 0.0000 0.0000 0.0000 0.0000 1.0000 \n",
      "\n"
     ]
    }
   ],
   "source": [
    "Monthly.print(accuracy=4)"
   ]
  },
  {
   "cell_type": "markdown",
   "metadata": {},
   "source": [
    "We notice a little glitch. Some transition rates that are very close to zero come out negative due to numerical precision errors. Lets fix that"
   ]
  },
  {
   "cell_type": "code",
   "execution_count": 15,
   "metadata": {},
   "outputs": [],
   "source": [
    "Monthly.fix_negativerates()"
   ]
  },
  {
   "cell_type": "code",
   "execution_count": 16,
   "metadata": {},
   "outputs": [
    {
     "name": "stdout",
     "output_type": "stream",
     "text": [
      "0.9931 0.0064 0.0003 0.0001 0.0001 0.0000 0.0000 0.0000 \n",
      "0.0006 0.9919 0.0070 0.0003 0.0000 0.0001 0.0000 0.0000 \n",
      "0.0000 0.0019 0.9923 0.0053 0.0003 0.0001 0.0000 0.0000 \n",
      "0.0000 0.0002 0.0037 0.9904 0.0046 0.0006 0.0002 0.0002 \n",
      "0.0000 0.0001 0.0012 0.0052 0.9835 0.0081 0.0010 0.0009 \n",
      "0.0000 0.0000 0.0005 0.0011 0.0053 0.9821 0.0060 0.0049 \n",
      "0.0000 0.0000 0.0003 0.0005 0.0015 0.0128 0.9478 0.0371 \n",
      "0.0000 0.0000 0.0000 0.0000 0.0000 0.0000 0.0000 1.0000 \n",
      "\n"
     ]
    }
   ],
   "source": [
    "Monthly.print(accuracy=4)"
   ]
  },
  {
   "cell_type": "markdown",
   "metadata": {},
   "source": [
    "Looks better! But how do we check if its a good monthly transition matrix? Lets raise it to the power of 12 to see if we get back the annual matrix"
   ]
  },
  {
   "cell_type": "code",
   "execution_count": 17,
   "metadata": {},
   "outputs": [],
   "source": [
    "Annual = Monthly.power(12)"
   ]
  },
  {
   "cell_type": "code",
   "execution_count": 18,
   "metadata": {},
   "outputs": [
    {
     "name": "stdout",
     "output_type": "stream",
     "text": [
      "0.92 0.07 0.01 0.00 0.00 0.00 0.00 0.00 \n",
      "0.01 0.91 0.08 0.01 0.00 0.00 0.00 0.00 \n",
      "0.00 0.02 0.91 0.06 0.00 0.00 0.00 0.00 \n",
      "0.00 0.00 0.04 0.89 0.05 0.01 0.00 0.00 \n",
      "0.00 0.00 0.01 0.06 0.82 0.08 0.01 0.01 \n",
      "0.00 0.00 0.01 0.01 0.05 0.81 0.05 0.07 \n",
      "0.00 0.00 0.00 0.01 0.02 0.11 0.53 0.34 \n",
      "0.00 0.00 0.00 0.00 0.00 0.00 0.00 1.00 \n",
      "\n"
     ]
    }
   ],
   "source": [
    "Annual.print()"
   ]
  },
  {
   "cell_type": "code",
   "execution_count": 19,
   "metadata": {},
   "outputs": [
    {
     "name": "stdout",
     "output_type": "stream",
     "text": [
      "0.00002 0.00000 0.00000 0.00000 0.00000 0.00000 0.00000 -0.00002 \n",
      "0.00000 0.00000 0.00000 0.00000 0.00000 0.00000 0.00000 -0.00000 \n",
      "0.00000 0.00000 0.00000 0.00000 0.00000 0.00000 0.00000 -0.00000 \n",
      "0.00000 0.00000 0.00000 0.00000 0.00000 0.00000 0.00000 -0.00000 \n",
      "0.00000 0.00000 0.00000 0.00000 0.00000 0.00000 0.00000 -0.00000 \n",
      "-0.00000 -0.00000 -0.00000 0.00000 0.00000 0.00000 0.00000 -0.00000 \n",
      "-0.00000 -0.00000 -0.00000 0.00000 0.00000 0.00000 0.00000 0.00000 \n",
      "0.00000 0.00000 0.00000 0.00000 0.00000 0.00000 0.00000 0.00000 \n"
     ]
    }
   ],
   "source": [
    "print_matrix(AnnualSet.entries[0] - Annual, accuracy=5)"
   ]
  },
  {
   "cell_type": "markdown",
   "metadata": {},
   "source": [
    "We see that we get back the original matrix up to five digits accuracy. That will be good enough for now"
   ]
  },
  {
   "cell_type": "markdown",
   "metadata": {},
   "source": [
    "## Step 6: Get the entire monthly sequence "
   ]
  },
  {
   "cell_type": "markdown",
   "metadata": {},
   "source": [
    "To obtain the entire sequence in one go we write a loop within a loop structure. For each annual period we will fill in a new matrix set (MonthlySet) with incremental monthly transition matrices"
   ]
  },
  {
   "cell_type": "code",
   "execution_count": 20,
   "metadata": {},
   "outputs": [],
   "source": [
    "# we will store the values in a list\n",
    "values = []\n",
    "# iterate over the annual periods\n",
    "for k in range(10):\n",
    "    # get the generator for each annual period\n",
    "    g = AnnualSet.entries[k].generator()\n",
    "    Monthly = tm.matrix_exponent(g, 1/12)\n",
    "    Monthly.fix_negativerates()\n",
    "    # iterate over monthly periods\n",
    "    for m in range(12):\n",
    "        values.append(Monthly)\n",
    "# store the values in a new monthly set\n",
    "MonthlySet = tm.TransitionMatrixSet(values=values, periods=120, temporal_type='Incremental')\n",
    "# create the cumulative transition matrix set\n",
    "MonthlySet.cumulate()\n",
    "    "
   ]
  },
  {
   "cell_type": "markdown",
   "metadata": {},
   "source": [
    "## Step 7: Create a plot of the credit curves"
   ]
  },
  {
   "cell_type": "code",
   "execution_count": 26,
   "metadata": {},
   "outputs": [],
   "source": [
    "curves = []\n",
    "Ratings = Monthly.dimension\n",
    "periods = range(0, 120)\n",
    "\n",
    "for ri in range(0, Ratings - 1):\n",
    "    iPD, cPD, hR, sR = MonthlySet.default_curves(ri)\n",
    "    curves.append(cPD)\n",
    "\n",
    "fig, ax = plt.subplots()\n",
    "for ri in range(0, Ratings - 1):\n",
    "    ax.plot(periods, curves[ri], label=\"RI=%d\" % (ri,))\n",
    "\n",
    "ax.autoscale()\n",
    "ax.margins(0.1)\n",
    "ax.set_xlabel(\"Periods\")\n",
    "ax.set_ylabel(\"Cumulative Default Probability\")\n",
    "ax.grid(True)\n",
    "plt.title(\"Monthly Credit Curves\")\n",
    "\n",
    "leg = plt.legend(loc='best', ncol=2, mode=\"expand\", shadow=True, fancybox=True)\n",
    "leg.get_frame().set_alpha(0.5)\n",
    "plt.show()\n",
    "# plt.savefig(\"monthly_credit_curves.png\")"
   ]
  },
  {
   "cell_type": "markdown",
   "metadata": {},
   "source": [
    "## Step 8: Save the monthly set to a JSON file"
   ]
  },
  {
   "cell_type": "code",
   "execution_count": 25,
   "metadata": {},
   "outputs": [
    {
     "data": {
      "text/plain": [
